400.17,0.0019495,0,0
400.38,0.0025733,0.00060116,0.0035088
400.6,0.0027293,0.0013663,0.0035088
400.81,0.0028462,0.0018581,0.0062473
401.02,0.0028462,0.0018581,0.0062473
401.23,0.0030412,0.0020767,0.0071031
401.45,0.0030802,0.0026779,0.0071031
401.66,0.0034311,0.0027325,0.010098
401.87,0.0034311,0.0030604,0.012323
402.08,0.003587,0.0033883,0.014634
402.3,0.0039769,0.0034977,0.014805
402.51,0.0042888,0.0034977,0.018999
402.72,0.0042888,0.0034977,0.018999
402.93,0.0042888,0.0034977,0.018999
403.14,0.0042888,0.0034977,0.018999
403.36,0.0042888,0.0034977,0.018999
403.57,0.0042888,0.0037163,0.018999
403.78,0.0042888,0.0042081,0.019512
403.99,0.0039769,0.0042081,0.019512
404.21,0.003587,0.0042081,0.019512
404.42,0.003587,0.0042081,0.019512
404.63,0.0032361,0.0042081,0.018999
404.84,0.0030412,0.0037163,0.014634
405.06,0.0027682,0.0033883,0.014634
405.27,0.0027682,0.0037163,0.014634
405.48,0.0032361,0.0041535,0.015661
405.69,0.0032361,0.0042081,0.019512
405.9,0.0027682,0.0042628,0.023791
406.12,0.0027682,0.0042628,0.024134
406.33,0.0026123,0.0044267,0.024134
406.54,0.0026123,0.0044267,0.024134
406.75,0.0026123,0.0044267,0.024134
406.96,0.0026123,0.0044267,0.024134
407.18,0.0025343,0.0044267,0.024134
407.39,0.0025343,0.0044267,0.024134
407.6,0.0025343,0.0044267,0.024134
407.81,0.0026123,0.0046453,0.02576
408.03,0.0026123,0.0046453,0.027728
408.24,0.0030022,0.0044267,0.028755
408.45,0.003626,0.0041535,0.028755
408.66,0.0040159,0.0041535,0.028755
408.87,0.0040159,0.0041535,0.028755
409.09,0.0040549,0.0041535,0.028755
409.3,0.0040549,0.0041535,0.028755
409.51,0.0040549,0.0041535,0.028755
409.72,0.0040159,0.0040988,0.027728
409.93,0.00386,0.0040988,0.027043
410.15,0.003704,0.0040988,0.027043
410.36,0.003704,0.0040988,0.024733
410.57,0.003704,0.0040988,0.024134
410.78,0.00386,0.0040988,0.024733
410.99,0.00386,0.0040988,0.024733
411.2,0.00386,0.0040988,0.024733
411.42,0.00386,0.0040988,0.024733
411.63,0.0040159,0.0047546,0.024989
411.84,0.0040159,0.0047546,0.024989
412.05,0.0040159,0.0047546,0.024989
412.26,0.00386,0.0040988,0.024733
412.48,0.003704,0.0030058,0.024134
412.69,0.0034311,0.0025686,0.023449
412.9,0.0029632,0.0030058,0.023449
413.11,0.0028852,0.0030058,0.023449
413.32,0.0026513,0.0035523,0.024134
413.54,0.0025343,0.0035523,0.023449
413.75,0.0025343,0.0035523,0.023449
413.96,0.0025343,0.0035523,0.023278
414.17,0.0026513,0.0035523,0.022593
414.38,0.0027682,0.0030058,0.01917
414.59,0.0027682,0.0025686,0.01917
414.81,0.0028852,0.0025686,0.022593
415.02,0.0029632,0.0025686,0.023278
415.23,0.0029632,0.0025686,0.023278
415.44,0.0029632,0.0025686,0.023278
415.65,0.0029632,0.0025686,0.023278
415.86,0.0029632,0.0025686,0.023278
416.08,0.0029632,0.00235,0.023278
416.29,0.0029632,0.0020221,0.023278
416.5,0.0029632,0.0020221,0.023278
416.71,0.0029632,0.00235,0.023278
416.92,0.0031971,0.0025686,0.025075
417.13,0.0032751,0.0030058,0.025075
417.35,0.0032751,0.0030058,0.023278
417.56,0.003548,0.0025686,0.022593
417.77,0.003548,0.00235,0.021908
417.98,0.003548,0.00235,0.021908
418.19,0.0032751,0.00235,0.019683
418.4,0.003548,0.0025686,0.021908
418.62,0.00386,0.0026232,0.021908
418.83,0.00386,0.0028965,0.021908
419.04,0.00386,0.0028965,0.021908
419.25,0.0041329,0.0028965,0.021908
419.46,0.0042109,0.0026232,0.020454
419.67,0.0041329,0.0026232,0.020454
419.88,0.003743,0.0025686,0.019683
420.1,0.0033921,0.0025686,0.019683
420.31,0.0033921,0.0020767,0.019683
420.52,0.0033921,0.0020767,0.019683
420.73,0.0033921,0.0025686,0.020454
420.94,0.0033921,0.0025686,0.020967
421.15,0.003743,0.0024593,0.020967
421.36,0.003743,0.0024593,0.020454
421.58,0.003743,0.0024593,0.020282
421.79,0.0033921,0.0024593,0.020282
422,0.0033921,0.0024593,0.020282
422.21,0.0033921,0.0024593,0.020282
422.42,0.0033921,0.0025686,0.020454
422.63,0.0033921,0.0026232,0.020967
422.84,0.0033921,0.0026232,0.020967
423.06,0.0033921,0.0025686,0.020967
423.27,0.0033921,0.0024593,0.02208
423.48,0.003743,0.0024593,0.023107
423.69,0.003743,0.0024593,0.023107
423.9,0.003743,0.0025686,0.024305
424.11,0.003821,0.0025686,0.026187
424.32,0.003821,0.0025686,0.026187
424.53,0.003821,0.0024593,0.026187
424.75,0.003821,0.0024593,0.026187
424.96,0.00386,0.0024593,0.024305
425.17,0.00386,0.0024593,0.024305
425.38,0.00386,0.0035523,0.026187
425.59,0.00386,0.003607,0.02653
425.8,0.00386,0.003607,0.02653
426.01,0.00386,0.003607,0.02653
426.22,0.00386,0.003607,0.02653
426.44,0.00386,0.003607,0.02653
426.65,0.00386,0.003607,0.029268
426.86,0.0041719,0.0037709,0.029268
427.07,0.0042888,0.0041535,0.029268
427.28,0.0045228,0.0041535,0.029268
427.49,0.0041719,0.0041535,0.028156
427.7,0.00386,0.0041535,0.028156
427.91,0.00386,0.0041535,0.029268
428.12,0.00386,0.0041535,0.029268
428.34,0.00386,0.0041535,0.028156
428.55,0.0034311,0.0040442,0.02653
428.76,0.0031971,0.0040442,0.028156
428.97,0.0031971,0.0040442,0.028156
429.18,0.0030412,0.0040442,0.028156
429.39,0.0030412,0.0040442,0.028755
429.6,0.0030412,0.0038802,0.028156
429.81,0.0030412,0.003607,0.02653
430.02,0.0025733,0.0034977,0.02516
430.23,0.0025733,0.0034977,0.028156
430.45,0.0025733,0.0034977,0.028156
430.66,0.0023394,0.0033337,0.028156
430.87,0.0023394,0.0033337,0.028156
431.08,0.0023394,0.0034977,0.028156
431.29,0.0023394,0.0034977,0.028156
431.5,0.0021834,0.0034977,0.026359
431.71,0.0021834,0.0033337,0.02516
431.92,0.0021834,0.0033337,0.021994
432.13,0.0023394,0.0033337,0.021908
432.34,0.0023394,0.0031697,0.021566
432.55,0.0023394,0.0027872,0.021309
432.77,0.0023394,0.0027872,0.020796
432.98,0.0023394,0.0031697,0.020796
433.19,0.0023394,0.0033337,0.019855
433.4,0.0021834,0.0027872,0.017458
433.61,0.0021834,0.0020767,0.016003
433.82,0.0020664,0.0015302,0.01549
434.03,0.0020664,0.0014756,0.01549
434.24,0.0020664,0.0014756,0.01549
434.45,0.0020664,0.0014756,0.01549
434.66,0.0020664,0.0014756,0.01549
434.87,0.0021834,0.0014756,0.01549
435.08,0.0023394,0.00235,0.016688
435.29,0.0024173,0.0026779,0.017458
435.5,0.0023784,0.0024593,0.016688
435.72,0.0023784,0.00235,0.01549
435.93,0.0023784,0.00235,0.015233
436.14,0.0024173,0.0024593,0.01549
436.35,0.0024173,0.0026779,0.016688
436.56,0.0024173,0.0027325,0.017458
436.77,0.0024173,0.0027325,0.017458
436.98,0.0031192,0.0027325,0.017458
437.19,0.003782,0.0026779,0.017458
437.4,0.003782,0.0024593,0.018057
437.61,0.003782,0.0024593,0.0184
437.82,0.003782,0.0026779,0.020368
438.03,0.0040159,0.0027325,0.020368
438.24,0.0040939,0.0030058,0.02208
438.45,0.0040939,0.0036616,0.02208
438.66,0.0040939,0.0040988,0.02208
438.87,0.0040939,0.0042081,0.02208
439.09,0.0040939,0.0042081,0.02208
439.3,0.0040549,0.0043721,0.022679
439.51,0.0040549,0.0043721,0.022679
439.72,0.0040159,0.0043721,0.02208
439.93,0.0040159,0.0043721,0.02208
440.14,0.0040159,0.0043721,0.02208
440.35,0.0040159,0.0042081,0.02208
440.56,0.0040159,0.0030058,0.020368
440.77,0.0040159,0.0030058,0.020368
440.98,0.0040159,0.0031697,0.020368
441.19,0.0040159,0.0042081,0.020368
441.4,0.003587,0.0044814,0.025588
441.61,0.0033531,0.0048093,0.02576
441.82,0.0034701,0.0048093,0.029012
442.03,0.003587,0.0048093,0.030381
442.24,0.003587,0.0044814,0.02576
442.45,0.0034701,0.0044814,0.025588
442.66,0.0033531,0.0044267,0.018742
442.87,0.0033531,0.0042081,0.025588
443.08,0.0033531,0.003443,0.025588
443.29,0.0033531,0.0031697,0.02576
443.5,0.0033531,0.0031697,0.02576
443.71,0.0033531,0.0030604,0.025931
443.92,0.0033531,0.0029511,0.02576
444.13,0.0033531,0.0027872,0.02576
444.34,0.0033531,0.0027872,0.02576
444.55,0.0034701,0.0030604,0.025931
444.77,0.0034701,0.0031697,0.027214
444.98,0.0033531,0.0033337,0.030381
445.19,0.0032751,0.003443,0.033119
445.4,0.0031192,0.003443,0.033119
445.61,0.0030802,0.003443,0.032007
445.82,0.0030802,0.0033337,0.027214
446.03,0.0030022,0.0030604,0.025931
446.24,0.0028852,0.0030058,0.02576
446.45,0.0028072,0.0030058,0.020111
446.66,0.0026513,0.0030058,0.020111
446.87,0.0026513,0.0026779,0.02576
447.08,0.0026513,0.0025139,0.025931
447.29,0.0026513,0.00235,0.027214
447.5,0.0026513,0.00235,0.032007
447.71,0.0026513,0.00235,0.032007
447.92,0.0026123,0.00235,0.032007
448.13,0.0026123,0.00235,0.031579
448.34,0.0024953,0.0026779,0.031579
448.55,0.0024563,0.0026779,0.031579
448.76,0.0022224,0.0026779,0.031579
448.97,0.0022224,0.0024593,0.031579
449.18,0.0021834,0.00235,0.030809
449.39,0.0020664,0.0020221,0.030809
449.6,0.0020664,0.0020221,0.030809
449.81,0.0020274,0.0020221,0.030809
450.02,0.0019495,0.0020221,0.031579
450.23,0.0019495,0.0019128,0.03252
450.44,0.0019495,0.0019128,0.033291
450.65,0.0020274,0.0018581,0.034831
450.86,0.0020664,0.0017488,0.03543
451.07,0.0020664,0.0017488,0.036714
451.28,0.0020274,0.0017488,0.041335
451.49,0.0020274,0.0017488,0.043475
451.7,0.0020664,0.0013663,0.052204
451.91,0.0022224,0.0013663,0.071288
452.12,0.0022614,0.0013663,0.072058
452.33,0.0022614,0.0013663,0.073855
452.54,0.0022614,0.0013663,0.077107
452.75,0.0026903,0.0013663,0.084467
452.96,0.0028462,0.0013663,0.089516
453.17,0.0028462,0.001257,0.10475
453.38,0.0028462,0.0013663,0.12101
453.58,0.0028852,0.0015302,0.14626
453.79,0.0030412,0.0015302,0.16055
454,0.0030802,0.0015302,0.18836
454.21,0.0030802,0.0013663,0.25049
454.42,0.0030802,0.0013663,0.30252
454.63,0.0030412,0.0015302,0.35841
454.84,0.0030412,0.0016942,0.40385
455.05,0.0030412,0.0016942,0.47411
455.26,0.0030802,0.0019128,0.53462
455.47,0.0031192,0.00235,0.60976
455.68,0.0031192,0.00235,0.70004
455.89,0.0031971,0.0027872,0.77304
456.1,0.0033531,0.0027872,0.87163
456.31,0.0033531,0.0027872,0.92315
456.52,0.0031192,0.00235,0.94514
456.73,0.0031192,0.0022407,0.95884
456.94,0.0031192,0.0020767,0.97672
457.15,0.0031192,0.0022407,0.97672
457.36,0.0031192,0.00235,0.97672
457.57,0.0031192,0.0027872,0.97672
457.78,0.0031192,0.0027872,0.97938
457.99,0.003548,0.0027872,0.99204
458.2,0.003548,0.0031151,0.99401
458.41,0.003548,0.0027872,0.99589
458.62,0.003548,0.0039895,1
458.83,0.003782,0.0039895,1
459.04,0.003821,0.0039895,0.99598
459.24,0.0039379,0.0039895,0.99589
459.45,0.0039769,0.003279,0.99401
459.66,0.0042498,0.0027872,0.9834
459.87,0.0039769,0.0022407,0.97938
460.08,0.0039769,0.0022407,0.97672
460.29,0.0039769,0.0022407,0.9703
460.5,0.0042498,0.0027872,0.95986
460.71,0.0042498,0.003279,0.95884
460.92,0.0042498,0.0033883,0.95884
461.13,0.0042498,0.0039895,0.95704
461.34,0.0042498,0.0039895,0.95362
461.55,0.0042498,0.0039895,0.9389
461.76,0.0042498,0.0039895,0.93701
461.97,0.0042498,0.0039895,0.91339
462.18,0.0042498,0.0039895,0.90954
462.39,0.0042498,0.0039895,0.89902
462.59,0.0039379,0.0038802,0.89157
462.8,0.0039379,0.0038802,0.89123
463.01,0.0039379,0.0038802,0.88224
463.22,0.0039379,0.0038802,0.83252
463.43,0.0039379,0.0039895,0.79384
463.64,0.0039379,0.0042081,0.73273
463.85,0.0039379,0.0044814,0.69568
464.06,0.0039379,0.0044814,0.68293
464.27,0.0042498,0.0044814,0.65614
464.48,0.0047957,0.0049186,0.60719
464.69,0.0047957,0.0049186,0.5335
464.9,0.0042498,0.0054651,0.47788
465.11,0.0042498,0.0054651,0.43089
465.31,0.0042498,0.0049186,0.39444
465.52,0.0042498,0.0049186,0.34848
465.73,0.0042498,0.0049186,0.30518
465.94,0.0042498,0.0049186,0.25999
466.15,0.0042498,0.0049186,0.22773
466.36,0.0042109,0.0044267,0.19615
466.57,0.0042109,0.0044267,0.17373
466.78,0.0039379,0.0044267,0.15071
466.99,0.0042109,0.0044267,0.12734
467.2,0.0042109,0.0044267,0.087805
467.41,0.00386,0.0044267,0.072486
467.61,0.003782,0.0042081,0.067437
467.82,0.0032361,0.0038802,0.064014
468.03,0.0030412,0.0027872,0.061104
468.24,0.0026903,0.0027872,0.05092
468.45,0.0026903,0.0027872,0.048181
468.66,0.0026903,0.0037709,0.046213
468.87,0.0026903,0.0037709,0.046213
469.08,0.0026903,0.0037709,0.046213
469.29,0.0026903,0.0037709,0.046213
469.49,0.0030022,0.0037709,0.046042
469.7,0.0030022,0.0037709,0.045015
469.91,0.0030022,0.0037709,0.04065
470.12,0.0030022,0.0031697,0.039795
470.33,0.0030022,0.0024593,0.038939
470.54,0.0030022,0.0031697,0.035259
470.75,0.0032361,0.0037709,0.038939
470.96,0.003626,0.0037709,0.038939
471.17,0.00386,0.0037709,0.038939
471.37,0.00386,0.0037709,0.038939
471.58,0.0040159,0.0044814,0.04065
471.79,0.0040159,0.0044814,0.04065
472,0.0048737,0.0044814,0.04065
472.21,0.0049517,0.0044814,0.04065
472.42,0.0049517,0.0044814,0.038939
472.63,0.0049517,0.0045907,0.038939
472.84,0.0049517,0.0044814,0.038682
473.05,0.0049517,0.0043174,0.035516
473.25,0.0049517,0.0033883,0.034232
473.46,0.0049517,0.0033883,0.034232
473.67,0.0049517,0.0033883,0.034232
473.88,0.0049517,0.0043174,0.035516
474.09,0.0049517,0.0043174,0.035516
474.3,0.0049517,0.0044814,0.035516
474.51,0.0049517,0.0045907,0.035516
474.71,0.0049517,0.0045907,0.035516
474.92,0.0048737,0.0046453,0.035516
475.13,0.0047177,0.0046453,0.035516
475.34,0.0046007,0.0046453,0.035516
475.55,0.0044448,0.0046453,0.034232
475.76,0.0043668,0.0045907,0.034061
475.97,0.0043668,0.0045907,0.033547
476.17,0.0043668,0.0045907,0.033547
476.38,0.0042888,0.0045907,0.033547
476.59,0.0041329,0.0045907,0.033547
476.8,0.0040549,0.0045907,0.032948
477.01,0.0038989,0.0045907,0.032948
477.22,0.0034311,0.0045907,0.032777
477.43,0.0033531,0.0045907,0.030894
477.63,0.0030022,0.0045907,0.030295
477.84,0.0030022,0.0038256,0.027642
478.05,0.0028852,0.0031151,0.027642
478.26,0.0027293,0.0031151,0.027642
478.47,0.0027293,0.0038256,0.027642
478.68,0.0027293,0.0038256,0.027642
478.88,0.0028852,0.0038256,0.027642
479.09,0.0030022,0.0038256,0.027642
479.3,0.0030022,0.0038256,0.027642
479.51,0.0030022,0.0038256,0.027642
479.72,0.0028852,0.003279,0.025588
479.93,0.0025343,0.003279,0.024647
480.14,0.0025343,0.003279,0.024647
480.34,0.0025343,0.003279,0.024647
480.55,0.0025343,0.003279,0.024647
480.76,0.0028852,0.003279,0.025588
480.97,0.0030022,0.003279,0.027642
481.18,0.0031192,0.003443,0.028327
481.39,0.0031192,0.003443,0.027642
481.59,0.0031192,0.003443,0.025588
481.8,0.0031192,0.003443,0.025588
482.01,0.0031192,0.003443,0.025588
482.22,0.0027682,0.003443,0.025588
482.43,0.0027682,0.003443,0.025588
482.63,0.0027682,0.003279,0.024647
482.84,0.0027682,0.0027325,0.023192
483.05,0.0031192,0.0027325,0.024647
483.26,0.0027682,0.00235,0.020625
483.47,0.0027682,0.00235,0.020111
483.68,0.0027682,0.002186,0.020026
483.88,0.0027682,0.002186,0.020026
484.09,0.0027682,0.002186,0.020111
484.3,0.0027682,0.002186,0.020625
484.51,0.0027682,0.002186,0.020625
484.72,0.0027682,0.002186,0.020625
484.92,0.0027682,0.002186,0.020625
485.13,0.0026903,0.00235,0.020625
485.34,0.0026903,0.0027325,0.020026
485.55,0.0026903,0.0027325,0.018742
485.76,0.0026903,0.0028965,0.017287
485.96,0.0027682,0.0029511,0.018999
486.17,0.0027682,0.0029511,0.020026
486.38,0.0027682,0.0029511,0.020625
486.59,0.0027682,0.0029511,0.020625
486.8,0.0027682,0.0029511,0.020625
487,0.0027682,0.0031151,0.020625
487.21,0.0027682,0.0031697,0.023791
487.42,0.0027682,0.0031697,0.023791
487.63,0.0029242,0.0031697,0.023791
487.84,0.0029242,0.0031697,0.023791
488.04,0.0027682,0.0031697,0.026273
488.25,0.0027293,0.0031697,0.026273
488.46,0.0027293,0.0030058,0.023791
488.67,0.0027682,0.0030058,0.020881
488.88,0.0029242,0.0028965,0.018999
489.08,0.0029242,0.0026232,0.018999
489.29,0.0029242,0.0022953,0.018999
489.5,0.0030022,0.0022953,0.018999
489.71,0.0030022,0.0022953,0.020881
489.91,0.0030022,0.0022953,0.023534
490.12,0.0029242,0.0020767,0.023534
490.33,0.0027293,0.0017488,0.023534
490.54,0.0027293,0.0020767,0.021823
490.75,0.0027293,0.0022953,0.021823
490.95,0.0027293,0.0026232,0.023534
491.16,0.0027293,0.0026779,0.023534
491.37,0.0027293,0.0026232,0.023534
491.58,0.0027293,0.0022953,0.021823
491.78,0.0027293,0.0022953,0.020881
491.99,0.0023784,0.0022953,0.020881
492.2,0.0023784,0.0017488,0.020881
492.41,0.0021444,0.0016395,0.017715
492.62,0.0023784,0.0016395,0.017287
492.82,0.0023784,0.0022953,0.016859
493.03,0.0023784,0.0022953,0.017287
493.24,0.0023004,0.0024593,0.017715
493.45,0.0021444,0.0026779,0.017715
493.65,0.0021054,0.0028965,0.016517
493.86,0.0021054,0.0030604,0.015576
494.07,0.0021054,0.0030604,0.015576
494.28,0.0021444,0.0030604,0.015576
494.48,0.0023004,0.003279,0.015576
494.69,0.0023004,0.003279,0.015576
494.9,0.0021444,0.0030604,0.014634
495.11,0.0021054,0.0028965,0.014549
495.31,0.0021444,0.0024593,0.014549
495.52,0.0023004,0.0024593,0.014549
495.73,0.0024563,0.0030604,0.014549
495.94,0.0024563,0.0030604,0.014549
496.14,0.0024563,0.0030604,0.014549
496.35,0.0026513,0.0037709,0.014549
496.56,0.0026513,0.0038802,0.014549
496.77,0.0026513,0.0039895,0.014549
496.97,0.0024563,0.0040442,0.014549
497.18,0.0024563,0.0040442,0.01472
497.39,0.0020274,0.0039895,0.014549
497.6,0.0020274,0.0038802,0.013008
497.8,0.0020274,0.0037709,0.012409
498.01,0.0020274,0.0032244,0.012409
498.22,0.0019495,0.0028965,0.0092426
498.43,0.0018325,0.0028965,0.0092426
498.63,0.0018325,0.0028965,0.0092426
498.84,0.0018325,0.0028965,0.0092426
499.05,0.0019495,0.0028965,0.0092426
499.25,0.0019495,0.0028965,0.0084724
499.46,0.0020274,0.0028965,0.0084724
499.67,0.0020274,0.0030604,0.0092426
499.88,0.0020274,0.0030604,0.0092426
500.08,0.0020274,0.0030604,0.012323
500.29,0.0021054,0.0032244,0.01472
500.5,0.0021054,0.003279,0.014891
500.71,0.0021054,0.003279,0.015576
500.91,0.0021054,0.003279,0.015576
501.12,0.0021444,0.003279,0.015576
501.33,0.0024563,0.003279,0.015576
501.53,0.0024563,0.003279,0.015661
501.74,0.0024563,0.003279,0.015661
501.95,0.0024563,0.003279,0.015661
502.16,0.0024563,0.003279,0.015661
502.36,0.0027682,0.003279,0.015661
502.57,0.0027682,0.003279,0.015661
502.78,0.0030412,0.003443,0.018485
502.98,0.0030412,0.003443,0.018485
503.19,0.0030412,0.003443,0.018485
503.4,0.0030412,0.0037709,0.018485
503.6,0.0032751,0.0044267,0.019598
503.81,0.0034311,0.0045907,0.021138
504.02,0.0039769,0.0045907,0.021138
504.23,0.003821,0.0044267,0.019598
504.43,0.003821,0.0037709,0.019598
504.64,0.003821,0.0037709,0.019598
504.85,0.0039769,0.0037709,0.019598
505.05,0.0039769,0.0037709,0.021138
505.26,0.0039769,0.0037709,0.021566
505.47,0.0039769,0.0037709,0.021138
505.67,0.0039769,0.0045907,0.019598
505.88,0.0039769,0.0053011,0.021138
506.09,0.0039769,0.0053011,0.021566
506.3,0.0039769,0.0053011,0.021566
506.5,0.0039769,0.0053011,0.021566
506.71,0.0039769,0.0053011,0.021566
506.92,0.0039769,0.0060662,0.023363
507.12,0.0039769,0.0060662,0.023363
507.33,0.003821,0.005793,0.023363
507.54,0.003704,0.0053011,0.023363
507.74,0.003704,0.0053011,0.023363
507.95,0.0034311,0.0047546,0.023363
508.16,0.0031971,0.0047,0.021566
508.36,0.0031971,0.0047546,0.019512
508.57,0.0031971,0.0048093,0.021566
508.78,0.0031971,0.005793,0.021566
508.98,0.0031581,0.005793,0.021566
509.19,0.0030412,0.0048093,0.019512
509.4,0.0030412,0.0047546,0.018485
509.6,0.0030412,0.0047,0.018485
509.81,0.0030412,0.0047,0.019512
510.02,0.0030412,0.0047546,0.019512
510.22,0.0028462,0.0047,0.0184
510.43,0.0028462,0.0047,0.018143
510.64,0.0026513,0.0047,0.017116
510.84,0.0028462,0.0047546,0.017886
511.05,0.0028462,0.0047546,0.017886
511.26,0.0030412,0.0047546,0.017886
511.46,0.0030412,0.0047546,0.017886
511.67,0.0031971,0.0047546,0.017886
511.88,0.0032751,0.0048093,0.018057
512.08,0.0032751,0.0048093,0.018057
512.29,0.0032751,0.0048093,0.018057
512.5,0.0032751,0.0051372,0.018057
512.7,0.0032751,0.0054651,0.018057
512.91,0.0031971,0.0051372,0.018057
513.12,0.0027682,0.0048093,0.018057
513.32,0.0027682,0.0045907,0.017886
513.53,0.0031971,0.0048093,0.018057
513.74,0.0032751,0.0051372,0.019855
513.94,0.0031971,0.0051918,0.020796
514.15,0.0028462,0.0051918,0.018057
514.36,0.0027682,0.0051918,0.018057
514.56,0.0027682,0.0051918,0.018057
514.77,0.0027682,0.0051918,0.018057
514.97,0.0027682,0.0054651,0.018057
515.18,0.0025343,0.005629,0.018057
515.39,0.0025343,0.0061209,0.020796
515.59,0.0025343,0.0064488,0.020796
515.8,0.0025343,0.0061209,0.020796
516.01,0.0024953,0.005629,0.015319
516.21,0.0023394,0.0055197,0.015319
516.42,0.0024953,0.005629,0.019683
516.63,0.0025343,0.0061209,0.020111
516.83,0.0027682,0.0061209,0.020796
517.04,0.0027682,0.0061209,0.020796
517.24,0.0028462,0.0064488,0.021309
517.45,0.0028462,0.0073779,0.021309
517.66,0.0030412,0.0075418,0.02208
517.86,0.0028462,0.0077604,0.021309
518.07,0.0028462,0.0078151,0.020111
518.28,0.0026513,0.0078697,0.019683
518.48,0.0028462,0.0083616,0.020111
518.69,0.0028462,0.0084709,0.020111
518.89,0.0028462,0.0085802,0.020111
519.1,0.0028462,0.0086895,0.020111
519.31,0.0028462,0.0087988,0.020282
519.51,0.0028462,0.0096185,0.022251
519.72,0.0028462,0.0098371,0.022251
519.92,0.0026513,0.010329,0.022679
520.13,0.0026513,0.010438,0.022679
520.34,0.0028462,0.010821,0.024305
520.54,0.0028462,0.01093,0.024305
520.75,0.0028462,0.011039,0.024305
520.95,0.0026513,0.011477,0.022679
521.16,0.0025733,0.012679,0.020282
521.37,0.0025343,0.015357,0.019683
521.57,0.0024953,0.019456,0.017458
521.78,0.0024563,0.020439,0.016774
521.98,0.0024563,0.020549,0.016774
522.19,0.0024563,0.021423,0.014976
522.4,0.0024563,0.021751,0.014976
522.6,0.0024563,0.022516,0.016602
522.81,0.0024563,0.022735,0.016602
523.01,0.0024953,0.02503,0.016774
523.22,0.0024953,0.031588,0.018571
523.43,0.0025343,0.035031,0.018571
523.63,0.0025733,0.039458,0.018571
523.84,0.0027682,0.03984,0.018571
524.04,0.0027682,0.048147,0.018571
524.25,0.0028462,0.054869,0.018571
524.46,0.0028462,0.06722,0.018571
524.66,0.0027682,0.07908,0.016774
524.87,0.0025343,0.091704,0.016602
525.07,0.0025343,0.10329,0.016602
525.28,0.0027682,0.11602,0.016945
525.48,0.0028462,0.13504,0.016945
525.69,0.0032751,0.16526,0.018571
525.9,0.003626,0.19948,0.019341
526.1,0.003626,0.23035,0.019341
526.31,0.003626,0.26139,0.020282
526.51,0.003704,0.29517,0.026615
526.72,0.003704,0.3367,0.026872
526.93,0.003704,0.37496,0.028327
527.13,0.003704,0.42879,0.026615
527.34,0.003704,0.47836,0.021994
527.54,0.003704,0.53902,0.021994
527.75,0.003704,0.58766,0.021994
527.95,0.003626,0.6434,0.021994
528.16,0.003626,0.6939,0.021994
528.36,0.003626,0.74877,0.021994
528.57,0.003704,0.79162,0.021994
528.78,0.003587,0.82971,0.020282
528.98,0.003587,0.85512,0.020282
529.19,0.003587,0.87299,0.020282
529.39,0.003587,0.88791,0.020282
529.6,0.003509,0.90015,0.020282
529.8,0.0033921,0.9236,0.020111
530.01,0.0032751,0.94355,0.020111
530.21,0.0032751,0.94415,0.020539
530.42,0.0033921,0.94464,0.021994
530.63,0.003509,0.94682,0.021994
530.83,0.003509,0.95737,0.021994
531.04,0.003509,0.95868,0.020539
531.24,0.0033921,0.96754,0.020111
531.45,0.0031581,0.97431,0.0184
531.65,0.0031581,0.97737,0.0184
531.86,0.0031581,0.98104,0.0184
532.06,0.0031581,0.98836,0.0184
532.27,0.0030022,0.99535,0.0184
532.47,0.0030022,0.99989,0.0184
532.68,0.0030022,1,0.0184
532.89,0.0029632,0.99989,0.0184
533.09,0.0029242,0.99989,0.020111
533.3,0.0029242,0.99989,0.020539
533.5,0.0029632,0.99989,0.022251
533.71,0.0030802,0.99989,0.024048
533.91,0.0033921,0.99989,0.025417
534.12,0.003626,0.99989,0.027813
534.32,0.003665,0.99989,0.032606
534.53,0.003665,0.99989,0.033119
534.73,0.003665,0.99989,0.032606
534.94,0.003626,0.97257,0.027813
535.14,0.0030802,0.91354,0.025417
535.35,0.0030802,0.8531,0.027813
535.55,0.003626,0.77462,0.031665
535.76,0.003821,0.70647,0.032777
535.96,0.0042109,0.63324,0.032777
536.17,0.0042109,0.56629,0.032777
536.37,0.0042109,0.49995,0.032777
536.58,0.0043278,0.43748,0.03389
536.78,0.0043278,0.3784,0.03389
536.99,0.0043278,0.3232,0.03389
537.19,0.0043278,0.27555,0.03389
537.4,0.0043278,0.23287,0.03389
537.61,0.0043668,0.19609,0.033547
537.81,0.0043278,0.16406,0.032777
538.02,0.0042498,0.13974,0.032606
538.22,0.0042109,0.12001,0.031665
538.43,0.0042109,0.10389,0.031665
538.63,0.0042109,0.087004,0.031665
538.84,0.0042109,0.072849,0.031665
539.04,0.0042498,0.064925,0.032606
539.25,0.0042498,0.056181,0.032606
539.45,0.0042498,0.04853,0.032606
539.66,0.0042109,0.040168,0.031665
539.86,0.0041329,0.037545,0.030039
540.07,0.0041329,0.036452,0.029097
540.27,0.0041329,0.034211,0.029097
540.47,0.0041329,0.032244,0.029097
540.68,0.0041329,0.029129,0.029097
540.88,0.0039379,0.028528,0.026958
541.09,0.00386,0.025139,0.026359
541.29,0.00386,0.020439,0.026359
541.5,0.00386,0.01727,0.025931
541.7,0.00386,0.017215,0.024476
541.91,0.003821,0.017051,0.024476
542.11,0.003821,0.015521,0.025075
542.32,0.003821,0.015193,0.025075
542.52,0.003782,0.015138,0.024476
542.73,0.003782,0.015029,0.024476
542.93,0.003782,0.01257,0.024476
543.14,0.003743,0.011039,0.024476
543.34,0.0032751,0.01093,0.024476
543.55,0.003548,0.010657,0.025075
543.75,0.003743,0.0097825,0.025931
543.96,0.003782,0.009236,0.026701
544.16,0.003743,0.0091813,0.026701
544.37,0.003548,0.0090174,0.026701
544.57,0.003548,0.0089627,0.025075
544.78,0.003548,0.0087988,0.025075
544.98,0.003548,0.0084709,0.025075
545.18,0.003509,0.0083069,0.025075
545.39,0.003509,0.0083069,0.025674
545.59,0.0033531,0.0073232,0.025075
545.8,0.003509,0.0083069,0.025674
546,0.003548,0.0073232,0.025674
546.21,0.003743,0.00705,0.025674
546.41,0.003548,0.0066674,0.025674
546.62,0.003548,0.0060116,0.023363
546.82,0.003743,0.0060116,0.025674
547.03,0.003743,0.0060116,0.025674
547.23,0.003548,0.0059023,0.025674
547.43,0.003509,0.0059023,0.023363
547.64,0.003509,0.005793,0.021138
547.84,0.0034311,0.0057383,0.020881
548.05,0.0033531,0.0057383,0.019084
548.25,0.0033141,0.0055744,0.018742
548.46,0.0033141,0.0057383,0.018742
548.66,0.0033531,0.005793,0.019084
548.87,0.0034311,0.0059023,0.020881
549.07,0.003782,0.0059023,0.020881
549.27,0.0039769,0.0059023,0.021138
549.48,0.0041329,0.0060116,0.023363
549.68,0.0041329,0.0060116,0.023363
549.89,0.0044058,0.0060116,0.028926
550.09,0.0044058,0.0060116,0.028926
550.3,0.0052246,0.0062302,0.034831
550.5,0.0052246,0.0062302,0.034831
550.7,0.0052246,0.0062302,0.034831
550.91,0.0052246,0.0062302,0.034831
551.11,0.0047177,0.0059023,0.028926
551.32,0.0044058,0.0050825,0.021566
551.52,0.0044058,0.0048639,0.021566
551.73,0.0044058,0.0049186,0.021566
551.93,0.0044058,0.0050825,0.022251
552.13,0.0044058,0.0050825,0.022251
552.34,0.0044058,0.0050825,0.022251
552.54,0.0044058,0.0050825,0.022251
552.75,0.0044058,0.0050825,0.021566
552.95,0.0044058,0.0050825,0.021566
553.15,0.0044058,0.0050825,0.021566
553.36,0.0044058,0.0050279,0.021566
553.56,0.0039769,0.0049186,0.020454
553.77,0.0039379,0.0048639,0.019512
553.97,0.0039379,0.0048639,0.018742
554.18,0.0039379,0.0048639,0.018228
554.38,0.0039379,0.0048093,0.018228
554.58,0.003743,0.0047,0.018228
554.79,0.003587,0.0048093,0.018228
554.99,0.003548,0.0044814,0.018057
555.2,0.003548,0.0044814,0.017886
555.4,0.003548,0.0044814,0.016431
555.6,0.003548,0.0044814,0.016431
555.81,0.003548,0.0042081,0.015148
556.01,0.003548,0.003607,0.015148
556.22,0.003548,0.003607,0.015148
556.42,0.003743,0.003607,0.016003
556.62,0.003743,0.003607,0.016431
556.83,0.0039379,0.0039895,0.017886
557.03,0.0039379,0.0039895,0.017886
557.24,0.0039379,0.0039895,0.017886
557.44,0.0039379,0.0036616,0.017886
557.64,0.003743,0.003607,0.016431
557.85,0.003743,0.003607,0.016175
558.05,0.003743,0.003607,0.016175
558.25,0.003743,0.0035523,0.016175
558.46,0.003665,0.0031151,0.016175
558.66,0.003626,0.0030604,0.016003
558.87,0.003626,0.0031151,0.012923
559.07,0.003665,0.0031151,0.011639
559.27,0.0039379,0.0030604,0.012923
559.48,0.0040159,0.0030604,0.015918
559.68,0.0040159,0.0030604,0.016003
559.88,0.0041329,0.0031151,0.016175
560.09,0.0041329,0.0033883,0.017886
560.29,0.0040159,0.0035523,0.018314
560.5,0.0040159,0.0036616,0.018314
560.7,0.0039379,0.0036616,0.017886
560.9,0.0039379,0.0036616,0.016175
561.11,0.003821,0.0035523,0.015918
561.31,0.003665,0.0033883,0.015319
561.51,0.0032751,0.0031151,0.015319
561.72,0.0032751,0.0031151,0.015319
561.92,0.003665,0.0031151,0.015918
562.12,0.003821,0.0030058,0.015918
562.33,0.0040159,0.0028965,0.017458
562.53,0.0040159,0.0030058,0.018314
562.74,0.0041329,0.0033883,0.018485
562.94,0.0042888,0.0037163,0.019769
563.14,0.0042888,0.0037163,0.021138
563.35,0.0048737,0.0037163,0.022507
563.55,0.0048737,0.0038802,0.022507
563.75,0.0048737,0.0038802,0.022764
563.96,0.0042888,0.0038802,0.021138
564.16,0.0039379,0.0038802,0.020539
564.36,0.003821,0.0038802,0.019769
564.57,0.0039379,0.0037163,0.019769
564.77,0.0039379,0.0028965,0.018485
564.97,0.0042109,0.0028965,0.019769
565.18,0.0042109,0.0028965,0.019769
565.38,0.0042888,0.0037163,0.020539
565.58,0.0042888,0.0038802,0.020539
565.79,0.0042888,0.0050279,0.022764
565.99,0.0042109,0.0050279,0.020539
566.19,0.0042109,0.0050279,0.020539
566.4,0.0039379,0.0050279,0.019855
566.6,0.003665,0.0050279,0.019855
566.8,0.0034701,0.0042081,0.019341
567.01,0.0031971,0.0038802,0.016346
567.21,0.0031971,0.0030058,0.016346
567.41,0.0031971,0.0027325,0.014891
567.62,0.0031971,0.0024593,0.014377
567.82,0.0031971,0.0024593,0.014377
568.02,0.0031971,0.00235,0.014377
568.23,0.0031971,0.00235,0.014377
568.43,0.0031971,0.0024593,0.014377
568.63,0.0032361,0.0024593,0.014891
568.84,0.0032361,0.0030058,0.017801
569.04,0.0032361,0.0032244,0.017801
569.24,0.0031971,0.0030058,0.014891
569.45,0.0031971,0.0024593,0.014377
569.65,0.0030412,0.0024593,0.013693
569.85,0.0030412,0.0024593,0.013693
570.05,0.0030412,0.0024593,0.013693
570.26,0.0031971,0.0024593,0.014377
570.46,0.0030412,0.00235,0.013693
570.66,0.0032361,0.00235,0.014377
570.87,0.0032751,0.0024593,0.017801
571.07,0.0033921,0.0024593,0.018143
571.27,0.0033921,0.0024593,0.018143
571.48,0.0032751,0.00235,0.018143
571.68,0.0032751,0.00235,0.018143
571.88,0.0032361,0.0024593,0.019769
572.08,0.0031192,0.0026779,0.019769
572.29,0.0032361,0.0028965,0.020967
572.49,0.0031192,0.0028965,0.019769
572.69,0.0028462,0.0026779,0.019769
572.9,0.0028462,0.0025686,0.017715
573.1,0.0027682,0.0025686,0.017715
573.3,0.0028072,0.0025686,0.019769
573.51,0.0028072,0.0026779,0.019769
573.71,0.0028462,0.0028965,0.021395
573.91,0.0028462,0.0029511,0.022422
574.11,0.0028462,0.0029511,0.022422
574.32,0.0028462,0.0029511,0.022422
574.52,0.0028462,0.003279,0.023192
574.72,0.0028462,0.003279,0.023192
574.93,0.0028462,0.0033883,0.023192
575.13,0.0028462,0.0035523,0.023192
575.33,0.0028462,0.0035523,0.023192
575.53,0.0028462,0.0037709,0.027471
575.74,0.0030412,0.0040988,0.027471
575.94,0.0030412,0.0041535,0.027471
576.14,0.0028462,0.0041535,0.027471
576.34,0.0030412,0.0041535,0.027471
576.55,0.0030412,0.0041535,0.027471
576.75,0.0031971,0.0047546,0.027471
576.95,0.0031971,0.0047546,0.027642
577.16,0.0031971,0.0047546,0.027642
577.36,0.0031971,0.0047546,0.027642
577.56,0.0031971,0.0047,0.027471
577.76,0.003509,0.0049732,0.023534
577.97,0.003626,0.0049732,0.023534
578.17,0.003704,0.0049732,0.023534
578.37,0.003626,0.0049186,0.023363
578.57,0.003626,0.0049186,0.023363
578.78,0.003704,0.0047,0.023363
578.98,0.0038989,0.0047,0.023534
579.18,0.0038989,0.0047,0.023534
579.38,0.003704,0.0044267,0.023363
579.59,0.0031971,0.0041535,0.021823
579.79,0.0031192,0.0039349,0.021481
579.99,0.0031192,0.0030604,0.020539
580.19,0.0031192,0.0030604,0.020539
580.4,0.0031192,0.0026779,0.020539
580.6,0.0030412,0.0033883,0.020539
580.8,0.0030412,0.0033883,0.020539
581,0.0030412,0.0033883,0.020539
581.21,0.0031192,0.0033883,0.020539
581.41,0.003704,0.0033883,0.021481
581.61,0.0042498,0.0033883,0.021481
581.81,0.0044448,0.0027872,0.021481
582.01,0.0044448,0.0027872,0.020539
582.22,0.0042498,0.0024593,0.01994
582.42,0.0034701,0.0024593,0.01994
582.62,0.0042888,0.0024593,0.020539
582.82,0.0042888,0.0027872,0.020539
583.03,0.0042888,0.0027872,0.020539
583.23,0.0034701,0.0027872,0.01994
583.43,0.0034311,0.00235,0.019683
583.63,0.0034701,0.0027872,0.019683
583.84,0.0042109,0.0030604,0.019683
584.04,0.0042109,0.0033883,0.020539
584.24,0.0042109,0.0033883,0.020539
584.44,0.0042109,0.0030604,0.020539
584.64,0.0042109,0.0030604,0.020539
584.85,0.0042109,0.0027872,0.020539
585.05,0.0039379,0.00235,0.019683
585.25,0.0034701,0.0020767,0.018228
585.45,0.0034311,0.0020221,0.015404
585.65,0.0034311,0.0018581,0.015404
585.86,0.0034311,0.0018581,0.017886
586.06,0.0034311,0.0020221,0.018228
586.26,0.0034311,0.0018581,0.019683
586.46,0.0034311,0.0020221,0.020539
586.67,0.0034311,0.0020221,0.020539
586.87,0.0034311,0.0020221,0.020539
587.07,0.0034311,0.0020221,0.020539
587.27,0.003587,0.0020221,0.020967
587.47,0.003587,0.0024046,0.020967
587.68,0.003587,0.0024593,0.020967
587.88,0.0030802,0.0024593,0.018999
588.08,0.0026123,0.0024593,0.017886
588.28,0.0022224,0.0024593,0.010013
588.48,0.0026123,0.0026779,0.017886
588.68,0.0026123,0.0026779,0.017886
588.89,0.0026123,0.0026779,0.017886
589.09,0.0026123,0.0026779,0.017886
589.29,0.0026123,0.0026779,0.017886
589.49,0.0026123,0.0026779,0.017886
589.69,0.0026123,0.0027872,0.017886
589.9,0.0021054,0.0027872,0.0094138
590.1,0.0021054,0.0027872,0.0094138
590.3,0.0021054,0.0027872,0.0094138
590.5,0.0021054,0.0028965,0.0094138
590.7,0.0021054,0.0028965,0.0094138
590.91,0.0021054,0.0028965,0.0094138
591.11,0.0021054,0.0028965,0.0094138
591.31,0.0021054,0.0029511,0.0094138
591.51,0.0021054,0.0029511,0.0094138
591.71,0.0021054,0.0028965,0.0094138
591.91,0.0030412,0.0027872,0.01181
592.12,0.0032361,0.0027872,0.01181
592.32,0.0034311,0.0027872,0.013094
592.52,0.0034311,0.0027872,0.013094
592.72,0.0034311,0.0028965,0.013094
592.92,0.0034311,0.0028965,0.013094
593.12,0.003587,0.0032244,0.013265
593.33,0.003587,0.0032244,0.013265
593.53,0.003587,0.0032244,0.014634
593.73,0.003587,0.0032244,0.014634
593.93,0.003587,0.0032244,0.014634
594.13,0.003587,0.0032244,0.014634
594.33,0.003782,0.0030604,0.013607
594.53,0.0039379,0.0028418,0.013607
594.74,0.0039379,0.0024046,0.013607
594.94,0.0040549,0.0021314,0.013607
595.14,0.0040549,0.0019674,0.013265
595.34,0.0040549,0.0019674,0.013265
595.54,0.0040549,0.0019674,0.013094
595.74,0.0039379,0.0019674,0.01181
595.95,0.0039379,0.0021314,0.011211
596.15,0.0040549,0.0024046,0.011211
596.35,0.0042109,0.0024046,0.013094
596.55,0.0042109,0.0024046,0.013607
596.75,0.0043668,0.0026779,0.015062
596.95,0.0043668,0.0026779,0.014891
597.15,0.0047177,0.0026779,0.015062
597.36,0.0043668,0.0026779,0.014891
597.56,0.0043668,0.0028418,0.014891
597.76,0.0043668,0.0028418,0.013607
597.96,0.0043668,0.0028965,0.014891
598.16,0.0043668,0.0030058,0.015062
598.36,0.0043668,0.0028965,0.01549
598.56,0.0043668,0.0028965,0.016003
598.76,0.0042498,0.0028965,0.01549
598.97,0.0042498,0.0028965,0.01549
599.17,0.0039379,0.0028965,0.014891
599.37,0.0039379,0.0028965,0.01549
599.57,0.0039379,0.0028965,0.01549
599.77,0.003782,0.0028965,0.016003
599.97,0.003743,0.0034977,0.017886
600.17,0.003743,0.0034977,0.018228
600.37,0.003743,0.0034977,0.018228
600.57,0.003626,0.003279,0.018228
600.78,0.003626,0.003279,0.018228
600.98,0.003626,0.0034977,0.018228
601.18,0.003626,0.0034977,0.018228
601.38,0.003626,0.0034977,0.018656
601.58,0.003626,0.0035523,0.019598
601.78,0.003626,0.0037163,0.022679
601.98,0.003626,0.0034977,0.022679
602.18,0.003626,0.003279,0.022679
602.38,0.003548,0.0030058,0.020026
602.59,0.003548,0.003279,0.022679
602.79,0.003548,0.0034977,0.022935
602.99,0.003626,0.0037163,0.023021
603.19,0.003626,0.0037163,0.023021
603.39,0.003665,0.0037163,0.024476
603.59,0.003665,0.0037163,0.024476
603.79,0.0039379,0.0038802,0.024818
603.99,0.0043668,0.0038802,0.024818
604.19,0.0043668,0.0038802,0.024818
604.39,0.0043668,0.0037163,0.024476
604.6,0.0043668,0.0034977,0.022935
604.8,0.0043668,0.0034977,0.020026
605,0.003665,0.0034977,0.019683
605.2,0.003548,0.0034977,0.019683
605.4,0.003548,0.0030058,0.019683
605.6,0.003548,0.0030058,0.020026
605.8,0.003548,0.0027325,0.020026
606,0.003548,0.0027325,0.020026
606.2,0.003665,0.0027325,0.020026
606.4,0.0043668,0.0030604,0.020881
606.6,0.0043668,0.0030604,0.020881
606.8,0.00386,0.0024046,0.020881
607,0.0041329,0.0019674,0.019683
607.21,0.0041329,0.0019674,0.019683
607.41,0.0043668,0.0019674,0.019683
607.61,0.0045228,0.0024046,0.019255
607.81,0.0043668,0.0024046,0.017801
608.01,0.0042109,0.0019674,0.017715
608.21,0.0042109,0.0019674,0.017715
608.41,0.0043668,0.0019674,0.017801
608.61,0.0045228,0.0020221,0.017801
608.81,0.0049517,0.0019674,0.015576
609.01,0.0049906,0.0019674,0.015576
609.21,0.0049906,0.0019128,0.01549
609.41,0.0049906,0.0018035,0.01549
609.61,0.0050296,0.0018035,0.01549
609.81,0.0052246,0.0018035,0.01395
610.01,0.0052246,0.0018581,0.012323
610.21,0.0050296,0.0018035,0.012152
610.41,0.0049906,0.0018035,0.012152
610.62,0.0049906,0.0018035,0.012152
610.82,0.0050296,0.0018581,0.012323
611.02,0.0054585,0.0018581,0.010697
611.22,0.0055365,0.0018581,0.010697
611.42,0.0055365,0.0018035,0.009157
611.62,0.0054975,0.0018035,0.009157
611.82,0.0054975,0.0018035,0.009157
612.02,0.0057314,0.0018035,0.009157
612.22,0.0058874,0.0018581,0.009157
612.42,0.0058874,0.0018581,0.009157
612.62,0.0058874,0.0018581,0.009157
612.82,0.0057314,0.0018581,0.0074454
613.02,0.0058874,0.002186,0.009157
613.22,0.0060434,0.0024593,0.0092426
613.42,0.0060434,0.0026779,0.013778
613.62,0.0063943,0.0026779,0.014035
613.82,0.0064333,0.0027325,0.014206
614.02,0.0064333,0.0031151,0.014206
614.22,0.0064333,0.0031151,0.014206
614.42,0.0064333,0.0031151,0.014206
614.62,0.0066282,0.0031151,0.014206
614.82,0.0066282,0.0027325,0.014206
615.02,0.0066282,0.0027325,0.014206
615.22,0.0066282,0.0029511,0.017287
615.42,0.0066282,0.0029511,0.017287
615.62,0.0066282,0.0029511,0.017287
615.82,0.0066282,0.0029511,0.017287
616.02,0.0066282,0.0031151,0.022507
616.22,0.0066282,0.0031151,0.022507
616.42,0.0066282,0.0029511,0.022507
616.62,0.0065502,0.0029511,0.022507
616.82,0.0066282,0.0029511,0.022507
617.02,0.0066282,0.0031151,0.023192
617.22,0.0067062,0.0029511,0.023706
617.42,0.0067062,0.0027872,0.023706
617.62,0.0067062,0.0027325,0.023706
617.82,0.0067062,0.0027325,0.023706
618.02,0.0067062,0.0027325,0.023192
618.22,0.0067062,0.0027325,0.023192
618.42,0.0069791,0.0027325,0.023192
618.62,0.0070181,0.0027325,0.023192
618.82,0.0070181,0.0027325,0.023192
619.02,0.0070181,0.0027325,0.023192
619.22,0.0070181,0.0027325,0.023192
619.42,0.0070181,0.0027325,0.023706
619.62,0.0070181,0.0027872,0.023706
619.82,0.0070961,0.0027872,0.023706
620.02,0.0071351,0.0027872,0.023706
620.22,0.007213,0.0027325,0.023278
620.42,0.007408,0.0025686,0.022507
620.62,0.007408,0.00235,0.022507
620.82,0.0079928,0.0022953,0.020881
621.02,0.0082268,0.0022407,0.020111
621.22,0.0084607,0.0019674,0.01994
621.42,0.0085387,0.0019674,0.014976
621.62,0.0090066,0.0016942,0.014377
621.82,0.0091625,0.0015302,0.014377
622.02,0.010254,0.0015302,0.014377
622.22,0.010332,0.0015302,0.014377
622.42,0.010371,0.0015302,0.014549
622.62,0.011151,0.0015302,0.014549
622.82,0.011229,0.0015302,0.014549
623.02,0.011463,0.0015302,0.014549
623.22,0.011775,0.0022407,0.014976
623.42,0.012944,0.0022407,0.014976
623.62,0.014738,0.0022407,0.014976
623.82,0.017779,0.0022407,0.014549
624.02,0.019846,0.0022407,0.014377
624.22,0.020508,0.0022953,0.014549
624.42,0.023004,0.00235,0.014549
624.62,0.0239,0.00235,0.014377
624.82,0.023939,0.0022407,0.010612
625.02,0.024719,0.0022407,0.010013
625.21,0.02893,0.0022407,0.010013
625.41,0.033843,0.0022407,0.010013
625.61,0.039106,0.0022407,0.010612
625.81,0.042849,0.0024046,0.014549
626.01,0.049283,0.0024046,0.014976
626.21,0.058016,0.00235,0.010612
626.41,0.064761,0.0022407,0.010013
626.61,0.073222,0.0016395,0.0086436
626.81,0.084919,0.0016395,0.0086436
627.01,0.099813,0.0022407,0.010612
627.21,0.11701,0.00235,0.011553
627.41,0.13779,0.00235,0.011553
627.61,0.16489,0.0022407,0.010612
627.81,0.19526,0.00235,0.010612
628.01,0.23039,0.00235,0.011553
628.21,0.27254,0.00235,0.012323
628.41,0.31983,0.00235,0.012323
628.6,0.37266,0.00235,0.012323
628.8,0.43079,0.00235,0.016346
629,0.49259,0.0025686,0.019598
629.2,0.55482,0.0029511,0.019598
629.4,0.62137,0.0032244,0.020197
629.6,0.68902,0.003279,0.020967
629.8,0.75394,0.003279,0.023021
630,0.80829,0.0034977,0.023021
630.2,0.8559,0.003607,0.023278
630.4,0.89114,0.003607,0.02576
630.6,0.91879,0.003607,0.027557
630.8,0.93988,0.0038256,0.027557
630.99,0.95212,0.0038256,0.027557
631.19,0.95271,0.0038256,0.028156
631.39,0.95621,0.0038802,0.028584
631.59,0.96035,0.0039895,0.029097
631.79,0.97649,0.0042081,0.029097
631.99,1,0.0044267,0.029097
632.19,1,0.0044267,0.029097
632.39,1,0.0042081,0.029097
632.59,1,0.0044267,0.028156
632.79,1,0.0042081,0.027557
632.98,1,0.0044267,0.027043
633.18,1,0.0042081,0.026872
633.38,1,0.0044267,0.027043
633.58,1,0.0042081,0.027043
633.78,1,0.0039895,0.026872
633.98,1,0.0038802,0.026701
634.18,0.9945,0.0038256,0.026102
634.38,0.9892,0.0038256,0.026102
634.58,0.98854,0.0038256,0.026102
634.78,0.98725,0.0038256,0.026102
634.97,0.98312,0.0037163,0.02576
635.17,0.98281,0.0037163,0.02576
635.37,0.97489,0.003279,0.02362
635.57,0.9584,0.003279,0.021138
635.77,0.93419,0.003279,0.021138
635.97,0.91177,0.003279,0.021138
636.17,0.88334,0.003279,0.021138
636.37,0.85804,0.0031151,0.02208
636.56,0.81987,0.0024593,0.02208
636.76,0.77406,0.0024593,0.02362
636.96,0.72282,0.0024593,0.02208
637.16,0.67366,0.0024593,0.020282
637.36,0.62679,0.0024593,0.019427
637.56,0.57813,0.0024593,0.017801
637.76,0.53427,0.0022407,0.017373
637.95,0.48998,0.0024593,0.01703
638.15,0.45095,0.0026779,0.01703
638.35,0.40982,0.0028418,0.01703
638.55,0.37059,0.0028965,0.01703
638.75,0.32587,0.0028965,0.01703
638.95,0.28322,0.0031151,0.01703
639.15,0.24435,0.0034977,0.017373
639.35,0.21222,0.0038256,0.017801
639.54,0.18446,0.0038256,0.017801
639.74,0.15849,0.0034977,0.017801
639.94,0.13479,0.0034977,0.017801
640.14,0.11666,0.003279,0.017801
640.34,0.10032,0.003279,0.019769
640.54,0.090338,0.003279,0.017801
640.73,0.079538,0.003279,0.014549
640.93,0.072286,0.0031151,0.014463
641.13,0.062149,0.003279,0.014463
641.33,0.053766,0.003279,0.019769
641.53,0.044214,0.0034977,0.022251
641.73,0.038677,0.0034977,0.022935
641.92,0.033648,0.0034977,0.025246
642.12,0.029632,0.0034977,0.025246
642.32,0.025421,0.0034977,0.025246
642.52,0.020119,0.003279,0.022935
642.72,0.019768,0.0032244,0.022251
642.92,0.019027,0.0032244,0.019769
643.11,0.018559,0.0032244,0.019769
643.31,0.018442,0.0032244,0.018485
643.51,0.018403,0.0031151,0.017886
643.71,0.017701,0.00235,0.017886
643.91,0.016999,0.00235,0.017886
644.11,0.014192,0.00235,0.017886
644.3,0.013295,0.0031151,0.017886
644.5,0.012243,0.0032244,0.017886
644.7,0.011034,0.0032244,0.018485
644.9,0.0108,0.0032244,0.018485
645.1,0.010605,0.0032244,0.018485
645.29,0.010293,0.0027872,0.018485
645.49,0.010176,0.00235,0.018485
645.69,0.0094744,0.00235,0.018485
645.89,0.0093964,0.00235,0.018485
646.09,0.0093185,0.00235,0.017886
646.29,0.0080708,0.0027872,0.017886
646.48,0.0080708,0.0037709,0.018485
646.68,0.0077589,0.0038256,0.018485
646.88,0.0076419,0.0040442,0.01917
647.08,0.0075639,0.0038256,0.020625
647.28,0.007291,0.0037709,0.01917
647.47,0.007213,0.0037709,0.01917
647.67,0.0067842,0.0037709,0.01917
647.87,0.0054585,0.0037709,0.01917
648.07,0.0052246,0.0037709,0.01917
648.27,0.0047957,0.0037709,0.018485
648.46,0.0047177,0.0028965,0.017629
648.66,0.0042888,0.0027872,0.016346
648.86,0.0042888,0.00235,0.016346
649.06,0.0042888,0.00235,0.016346
649.25,0.0042109,0.00235,0.01472
649.45,0.0041719,0.00235,0.013607
649.65,0.0038989,0.0022407,0.012751
649.85,0.00386,0.0022407,0.012751
650.05,0.00386,0.0022407,0.012495
650.24,0.0038989,0.0022407,0.012495
650.44,0.0041329,0.0022407,0.012495
650.64,0.0041719,0.0022407,0.012495
650.84,0.0041719,0.0022407,0.012495
651.03,0.0041719,0.0022407,0.012495
651.23,0.0041719,0.0022407,0.012495
651.43,0.0042109,0.0024593,0.012495
651.63,0.0042109,0.0027872,0.013607
651.83,0.0050296,0.0028965,0.014121
652.02,0.0050686,0.0034977,0.014377
652.22,0.0052246,0.0034977,0.015747
652.42,0.0053026,0.0034977,0.018057
652.62,0.0053805,0.0034977,0.018656
652.81,0.0053805,0.0034977,0.018656
653.01,0.0053805,0.0034977,0.018057
653.21,0.0053805,0.0034977,0.018057
653.41,0.0053805,0.0042628,0.023278
653.6,0.0053805,0.0047,0.023278
653.8,0.0053805,0.0047,0.023278
654,0.0053805,0.0047,0.023278
654.2,0.0053805,0.0047,0.023278
654.39,0.0053805,0.0043174,0.025588
654.59,0.0053805,0.0043174,0.025588
654.79,0.0052246,0.0043174,0.025588
654.99,0.0047567,0.0042628,0.024305
655.18,0.0047567,0.0042628,0.024305
655.38,0.0047567,0.0043174,0.025588
655.58,0.0047567,0.0042628,0.024305
655.78,0.0047567,0.0042081,0.024305
655.97,0.0045618,0.003607,0.024305
656.17,0.0045618,0.003607,0.02439
656.37,0.0042498,0.003607,0.024305
656.57,0.0040159,0.0037709,0.020625
656.76,0.0040159,0.0037709,0.020625
656.96,0.0038989,0.0037709,0.020625
657.16,0.003782,0.0037709,0.020625
657.35,0.0040159,0.0041535,0.020625
657.55,0.0040159,0.0041535,0.020625
657.75,0.0045618,0.0041535,0.024305
657.95,0.0047567,0.0040988,0.02439
658.14,0.0047567,0.0041535,0.027214
658.34,0.0047957,0.0041535,0.029611
658.54,0.0046787,0.0041535,0.027214
658.73,0.0046787,0.0040988,0.02439
658.93,0.0046787,0.0037709,0.024305
659.13,0.0047957,0.0037709,0.02439
659.33,0.0046787,0.003607,0.02285
659.52,0.0046007,0.0030058,0.020625
659.72,0.0045618,0.0028965,0.02285
659.92,0.0042888,0.0030058,0.023192
660.11,0.0042498,0.0037709,0.023192
660.31,0.0042498,0.0028965,0.02285
660.51,0.0042498,0.0028965,0.02285
660.71,0.0042498,0.0028965,0.023192
660.9,0.0042498,0.0033883,0.024904
661.1,0.0042498,0.0033883,0.025417
661.3,0.0042888,0.0033883,0.025931
661.49,0.0042888,0.0033883,0.025931
661.69,0.0042888,0.0033883,0.025417
661.89,0.0042498,0.0033883,0.025075
662.08,0.0042498,0.0028965,0.024904
662.28,0.0042109,0.0028965,0.023192
662.48,0.0042109,0.0028965,0.02285
662.68,0.0042498,0.0029511,0.023192
662.87,0.0042498,0.0029511,0.023192
663.07,0.0042498,0.0033883,0.023192
663.27,0.0042498,0.0033883,0.019255
663.46,0.0042498,0.0033883,0.019255
663.66,0.0042498,0.0033883,0.019255
663.86,0.0043668,0.0033883,0.017458
664.05,0.0043668,0.0029511,0.015832
664.25,0.0044058,0.0029511,0.015062
664.45,0.0044058,0.0033883,0.015062
664.64,0.0045618,0.0038802,0.015062
664.84,0.0047177,0.0038802,0.015062
665.04,0.0047957,0.0038802,0.015062
665.23,0.0047957,0.0038802,0.015062
665.43,0.0047177,0.0038802,0.013864
665.63,0.0044058,0.0029511,0.012751
665.82,0.0043668,0.0029511,0.010013
666.02,0.0043668,0.0029511,0.012751
666.22,0.0043668,0.0037163,0.013864
666.41,0.0043668,0.0037163,0.015062
666.61,0.0042498,0.0037163,0.013864
666.81,0.0042109,0.0025139,0.012751
667,0.0041329,0.0025139,0.012751
667.2,0.003704,0.0025139,0.015062
667.4,0.0041329,0.0037163,0.017715
667.59,0.0041329,0.0037163,0.019341
667.79,0.0041329,0.0038802,0.021224
667.99,0.0041329,0.0039349,0.021481
668.18,0.0042109,0.0040442,0.022593
668.38,0.0042109,0.0052465,0.023192
668.58,0.0042109,0.0040442,0.023192
668.77,0.003704,0.0039349,0.023192
668.97,0.003587,0.0037163,0.021481
669.17,0.003587,0.0037163,0.021481
669.36,0.003704,0.0037163,0.021481
669.56,0.003704,0.0037163,0.021481
669.75,0.003704,0.0037163,0.021481
669.95,0.0039379,0.0036616,0.021481
670.15,0.0039379,0.0036616,0.023192
670.34,0.0039379,0.0036616,0.023192
670.54,0.0047177,0.0036616,0.023192
670.74,0.0049127,0.0039349,0.023877
670.93,0.0052246,0.0039349,0.023877
671.13,0.0053805,0.0039349,0.023877
671.33,0.0056145,0.0036616,0.023877
671.52,0.0058094,0.0036616,0.023449
671.72,0.0059654,0.0043174,0.023449
671.91,0.0058094,0.0030604,0.023192
672.11,0.0053805,0.0029511,0.023192
672.31,0.0052246,0.0028965,0.019598
672.5,0.0047177,0.0028418,0.019341
672.7,0.0047177,0.0024046,0.019341
672.89,0.0047177,0.0024046,0.01917
673.09,0.0047177,0.0022953,0.019084
673.29,0.0046007,0.0022953,0.019084
673.48,0.0046007,0.0024046,0.01917
673.68,0.0052246,0.0024046,0.019341
673.88,0.0053026,0.0027872,0.023449
674.07,0.0053805,0.0027872,0.023962
674.27,0.0053805,0.0027872,0.023962
674.46,0.0053415,0.0027872,0.023449
674.66,0.0053415,0.0027872,0.023449
674.86,0.0053415,0.0024046,0.020881
675.05,0.0053026,0.0022953,0.020881
675.25,0.0046007,0.0022953,0.020881
675.44,0.0046007,0.0022953,0.019341
675.64,0.0043668,0.0021314,0.01917
675.84,0.0039379,0.0019674,0.019084
676.03,0.0039379,0.0017488,0.019084
676.23,0.0041329,0.0019674,0.019084
676.42,0.0043668,0.0021314,0.01917
676.62,0.0046007,0.0021314,0.019855
676.82,0.0047957,0.0021314,0.020881
677.01,0.0049906,0.0027872,0.023877
677.21,0.0049906,0.0029511,0.024647
677.4,0.0049906,0.0029511,0.024647
677.6,0.0049906,0.0029511,0.024818
677.79,0.0049906,0.0029511,0.024818
677.99,0.0048347,0.0031697,0.023877
678.19,0.0047957,0.0031697,0.021566
678.38,0.0044058,0.0029511,0.020881
678.58,0.0042498,0.0021314,0.019855
678.77,0.0042498,0.0021314,0.019855
678.97,0.0042498,0.0021314,0.021566
679.16,0.0044058,0.0031697,0.024134
679.36,0.0044058,0.0031697,0.024134
679.56,0.0044058,0.0031697,0.024134
679.75,0.0044058,0.0031697,0.024134
679.95,0.0044058,0.0031697,0.024818
680.14,0.0044058,0.0031697,0.024818
680.34,0.0044058,0.003279,0.025588
680.53,0.0042498,0.0031697,0.025588
680.73,0.0042498,0.0031697,0.025588
680.93,0.0042109,0.0031697,0.024134
681.12,0.0042109,0.0031697,0.024134
681.32,0.0041329,0.0031697,0.021566
681.51,0.0039379,0.0030604,0.020625
681.71,0.0039379,0.0027872,0.019427
681.9,0.0039379,0.0027872,0.018228
682.1,0.0039379,0.0027872,0.018228
682.29,0.0039379,0.0027872,0.019427
682.49,0.0039379,0.0030604,0.020625
682.68,0.0042109,0.0031697,0.024134
682.88,0.0042109,0.0033883,0.024134
683.08,0.0042109,0.0033883,0.024134
683.27,0.0042109,0.003607,0.024904
683.47,0.0043278,0.003607,0.024904
683.66,0.0050686,0.003607,0.024904
683.86,0.0051076,0.003607,0.024904
684.05,0.0051856,0.003607,0.023534
684.25,0.0052246,0.003607,0.023534
684.44,0.0052246,0.0033883,0.023021
684.64,0.0052246,0.0033883,0.023021
684.83,0.0051856,0.0033883,0.019427
685.03,0.0051856,0.0031697,0.018828
685.22,0.0051856,0.0030604,0.018828
685.42,0.0051856,0.0030604,0.018828
685.61,0.0051856,0.0031697,0.022422
685.81,0.0051856,0.0033883,0.022422
686.01,0.0051856,0.0033883,0.022422
686.2,0.0051076,0.0031697,0.022336
686.4,0.0047177,0.0030604,0.018828
686.59,0.0044448,0.0028965,0.018828
686.79,0.003743,0.0026779,0.018828
686.98,0.0031971,0.0024046,0.018828
687.18,0.0031971,0.0024046,0.018828
687.37,0.0031971,0.00235,0.017287
687.57,0.0031971,0.0022407,0.01703
687.76,0.0031971,0.0019128,0.01703
687.96,0.0031971,0.0019128,0.01703
688.15,0.0031971,0.0019128,0.01703
688.35,0.0031192,0.0015302,0.01703
688.54,0.0030802,0.0014756,0.01703
688.74,0.0030802,0.0014756,0.01703
688.93,0.0030802,0.0014756,0.01703
689.13,0.0030802,0.0014756,0.01703
689.32,0.0030022,0.0014756,0.01703
689.52,0.0030022,0.001257,0.016774
689.71,0.0027682,0.001093,0.011382
689.91,0.0025733,0.001093,0.010441
690.1,0.0022614,0.001093,0.010441
690.3,0.0022614,0.001257,0.010441
690.49,0.0022614,0.001257,0.0095849
690.69,0.0022224,0.001257,0.0095849
690.88,0.0021444,0.001257,0.0095849
691.08,0.0022224,0.0013663,0.010441
691.27,0.0022224,0.0013663,0.010441
691.46,0.0022224,0.0015302,0.011382
691.66,0.0022224,0.0013663,0.011382
691.85,0.0021444,0.0022953,0.011382
692.05,0.0021444,0.0022953,0.011382
692.24,0.0021444,0.0022953,0.011382
692.44,0.0021444,0.0022953,0.011382
692.63,0.0022614,0.0022953,0.01181
692.83,0.0025733,0.0024593,0.012495
693.02,0.0029242,0.0026232,0.014463
693.22,0.0031971,0.0026779,0.017116
693.41,0.0031971,0.0026779,0.017373
693.61,0.0032751,0.0026779,0.017629
693.8,0.003548,0.0026779,0.017629
694,0.0038989,0.0026779,0.017629
694.19,0.0038989,0.0026232,0.017629
694.39,0.0038989,0.0024593,0.017629
694.58,0.0039379,0.0026232,0.018314
694.77,0.0039379,0.0026779,0.018742
694.97,0.0039379,0.0026779,0.020454
695.16,0.0039379,0.0026779,0.018742
695.36,0.0039379,0.0026779,0.0184
695.55,0.0039379,0.0026779,0.018314
695.75,0.0039379,0.0026779,0.018314
695.94,0.0039379,0.0033883,0.0184
696.14,0.0039379,0.0033883,0.0184
696.33,0.0042888,0.0033883,0.0184
696.52,0.0039379,0.0037709,0.018742
696.72,0.0039379,0.0037709,0.019855
696.91,0.0038989,0.0037709,0.019855
697.11,0.0038989,0.0037709,0.019855
697.3,0.0029242,0.0033883,0.018742
697.5,0.0028852,0.0033883,0.0184
697.69,0.0027682,0.0033883,0.0184
697.89,0.0024563,0.0033883,0.0184
698.08,0.0023394,0.0033883,0.0184
698.08,0.0018325,0.0033883,0.0184
698.08,0.0015986,0.0033883,0.0184
698.08,0.0014426,0.0027325,0.017886
698.08,0.00085777,0.00235,0.009157
698.08,0,0.00092906,0.004279
