400.17,0.0024959,0.0025825,0.0024246
400.38,0.0018541,0.0027796,0.0021839
400.6,0.0026029,0.0023262,0.00141
400.81,0.0028881,0.0022671,0.0023042
401.02,0.0027098,0.0025036,0.0021151
401.23,0.0018363,0.0028782,0.001754
401.45,0.0013371,0.0017545,0.0013929
401.66,0.001765,0.0021488,0.0015648
401.87,0.0024781,0.0019517,0.0018056
402.08,0.0024424,0.0030951,0.0012037
402.3,0.0022107,0.0024445,0.0011693
402.51,0.0013549,0.0031542,0.0017712
402.72,0.0015332,0.0027796,0.0014616
402.93,0.0017293,0.0026416,0.0015132
403.14,0.0020859,0.0017151,0.0011693
403.36,0.0012658,0.001242,0.002459
403.57,0.0013906,0.0014391,0.0024074
403.78,0.0014262,0.0018137,0.0021323
403.99,0.001765,0.0025431,0.0015304
404.21,0.0018898,0.0025825,0.002459
404.42,0.0020859,0.0024839,0.0027341
404.63,0.0022285,0.0014785,0.0028373
404.84,0.0019789,0.0010843,0.0024418
405.06,0.0021037,0.0015968,0.0019775
405.27,0.0015154,0.0016954,0.0022698
405.48,0.0011232,0.0027402,0.0019947
405.69,0.0014084,0.0023065,0.0021151
405.9,0.0019611,0.0020699,0.0015992
406.12,0.0029238,0.0015377,0.0020463
406.33,0.0030307,0.0014982,0.0015476
406.54,0.0032447,0.0018334,0.0016336
406.75,0.0020324,0.0018137,0.0015132
406.96,0.00041004,0.0015574,0.0026825
407.18,0,0.001656,0.0028889
407.39,0.00053484,0.0021488,0.0021839
407.6,0.0018541,0.0027796,0.0018399
407.81,0.0018719,0.0035682,0.0019603
408.03,0.0019611,0.0034105,0.0023558
408.24,0.0017115,0.0026416,0.0026825
408.45,0.0024246,0.0025036,0.002545
408.66,0.0024602,0.0017348,0.0021839
408.87,0.002692,0.0023262,0.002287
409.09,0.0022463,0.0019319,0.0026997
409.3,0.0025137,0.001242,0.003078
409.51,0.0025316,0.0004337,0.0033876
409.72,0.0030129,0.00072941,0.0029749
409.93,0.003209,0.0024642,0.0028545
410.15,0.003316,0.0031148,0.0019947
410.36,0.0029773,0.0028979,0.0018227
410.57,0.0032447,0.0016757,0.0020807
410.78,0.0020502,0.0021882,0.0020291
410.99,0.0019789,0.0022079,0.0020635
411.2,0.00082008,0.0022474,0.0026653
411.42,0.001658,0.0025628,0.0021323
411.63,0.0016758,0.0021685,0.0028029
411.84,0.0026742,0.0022671,0.0017196
412.05,0.0026564,0.0019122,0.0019947
412.26,0.0022285,0.0022868,0.0011005
412.48,0.0014619,0.0028585,0.00141
412.69,0.0011053,0.0030162,0.0016164
412.9,0.0014797,0.0028979,0.002287
413.11,0.0012836,0.0025628,0.0023386
413.32,0.0021215,0.0018137,0.0027341
413.54,0.0020502,0.0015968,0.0019087
413.75,0.0029594,0.0023262,0.0018399
413.96,0.0023533,0.0022474,0.0013585
414.17,0.0022285,0.0021488,0.0017884
414.38,0.0014262,0.0016165,0.0017884
414.59,0.0016045,0.0015574,0.0023042
414.81,0.0019789,0.0021488,0.0023558
415.02,0.0022641,0.0023657,0.0019775
415.23,0.0021572,0.0033711,0.0019947
415.44,0.0015332,0.0033908,0.0025794
415.65,0.0017115,0.0029768,0.0030952
415.86,0.001551,0.0034499,0.0030436
416.08,0.0021572,0.0035879,0.0031812
416.29,0.0024602,0.0033711,0.0031468
416.5,0.0031912,0.0026022,0.0025106
416.71,0.002692,0.0026416,0.0014272
416.92,0.001551,0.0030556,0.00058465
417.13,0.0009627,0.0024051,0.0012209
417.35,0.0023354,0.0014588,0.0018056
417.56,0.0033873,0.0013011,0.0030436
417.77,0.0036904,0.001794,0.0028545
417.98,0.0026564,0.0024642,0.0023902
418.19,0.0028881,0.0022868,0.0017884
418.4,0.0024424,0.0021488,0.0019087
418.62,0.0023354,0.0022474,0.0021151
418.83,0.0024246,0.0023459,0.0018915
419.04,0.0024424,0.0023657,0.0020119
419.25,0.0026385,0.0023065,0.0020979
419.46,0.0019789,0.0032331,0.0021323
419.67,0.0023533,0.0035682,0.0022011
419.88,0.002175,0.0043765,0.0024246
420.1,0.0024602,0.0038639,0.00325
420.31,0.0023533,0.0030556,0.0024246
420.52,0.0018006,0.001794,0.0023042
420.73,0.0019432,0.0021882,0.0015476
420.94,0.0021037,0.0021291,0.0015992
421.15,0.0028525,0.0024445,0.0013585
421.36,0.0026742,0.0017545,0.0015992
421.58,0.0029416,0.0023854,0.0017712
421.79,0.0031377,0.0024051,0.0019259
422,0.0035299,0.0027205,0.0019087
422.21,0.0034051,0.0021882,0.0017712
422.42,0.0032268,0.0024248,0.0018227
422.63,0.0021215,0.0024051,0.0019259
422.84,0.0016045,0.0025431,0.0016508
423.06,0.0013371,0.0022079,0.001754
423.27,0.0020859,0.0019319,0.0017196
423.48,0.001658,0.0019714,0.0023386
423.69,0.0014797,0.0020108,0.0024762
423.9,0.0018184,0.0020305,0.0020119
424.11,0.0025672,0.0023854,0.002287
424.32,0.0028881,0.0018728,0.0017024
424.53,0.0022107,0.0019714,0.0020119
424.75,0.0020859,0.00138,0.0015992
424.96,0.0025672,0.0026811,0.0019431
425.17,0.0022998,0.0019319,0.0016336
425.38,0.0024424,0.0030951,0.0015992
425.59,0.0023533,0.0019714,0.0019087
425.8,0.0024602,0.0031542,0.0023902
426.01,0.0027098,0.0017151,0.0026825
426.22,0.0025672,0.0020502,0.0028373
426.44,0.0030129,0.00059141,0.0024418
426.65,0.0019432,0.00055199,0.0023558
426.86,0.0016045,0.0004337,0.0020291
427.07,0.0014975,0.0011828,0.0026825
427.28,0.0023711,0.001794,0.0028373
427.49,0.0023354,0.0016362,0.0030093
427.7,0.0018363,0.0022671,0.0033188
427.91,0.0012479,0.0021094,0.0029577
428.12,0.0016402,0.0031739,0.002459
428.34,0.0019967,0.0031739,0.0017712
428.55,0.0029951,0.0035879,0.0020119
428.76,0.0035121,0.0028979,0.0027513
428.97,0.0032447,0.0027796,0.0030608
429.18,0.0032982,0.0023065,0.0029749
429.39,0.0022641,0.0021094,0.0025106
429.6,0.002692,0.0013997,0.0023214
429.81,0.0017471,0.0014982,0.0026309
430.02,0.002175,0.0012617,0.0021495
430.23,0.002068,0.0010645,0.0019431
430.45,0.0027455,0.0013011,0.0015648
430.66,0.0031377,0.0010645,0.0014616
430.87,0.0030664,0.0027008,0.001754
431.08,0.0024424,0.0029965,0.001754
431.29,0.0017293,0.003785,0.0024418
431.5,0.0018719,0.0021291,0.0020807
431.71,0.0026564,0.0014194,0.0015132
431.92,0.0027277,0.0018334,0.0017712
432.13,0.0023533,0.0025431,0.0018227
432.34,0.0010875,0.0028585,0.0019775
432.55,0.0011053,0.0025825,0.0017884
432.77,0.0016045,0.0026219,0.0020119
432.98,0.002175,0.0028585,0.0031812
433.19,0.0019432,0.0021882,0.0032672
433.4,0.0014975,0.0014785,0.003336
433.61,0.0015332,0.00084769,0.002373
433.82,0.0021572,0.0010843,0.002287
434.03,0.0020502,0.0022868,0.0023214
434.24,0.0024781,0.0032133,0.001496
434.45,0.0019254,0.0034893,0.00082539
434.66,0.0028881,0.0031936,0
434.87,0.002692,0.0021094,0.0019259
435.08,0.003209,0.0011828,0.0019087
435.29,0.0019611,0.0007097,0.0024074
435.5,0.0014797,0.0018137,0.0018227
435.72,0.00073094,0.0021685,0.002459
435.93,0.0013906,0.0023459,0.0031468
436.14,0.0019432,0.0025825,0.0031468
436.35,0.0027633,0.0030162,0.0023902
436.56,0.0029951,0.0027599,0.001754
436.77,0.0028703,0.0016954,0.0018571
436.98,0.002585,0.0017348,0.0024074
437.19,0.0022998,0.0029176,0.0021839
437.4,0.0024959,0.0029176,0.0013241
437.61,0.0022463,0.0026614,0.0011521
437.82,0.0027277,0.001518,0.0017024
438.03,0.0025316,0.0024839,0.0026825
438.24,0.0032268,0.0026022,0.0027685
438.45,0.0029238,0.0030556,0.0026481
438.66,0.0030129,0.0027008,0.0021495
438.87,0.0018898,0.0033513,0.0017368
439.09,0.0017115,0.0023459,0.0019603
439.3,0.0014619,0.0022474,0.0018399
439.51,0.0025672,0.0023262,0.002287
439.72,0.0022107,0.0036273,0.0021151
439.93,0.0022641,0.0034302,0.0022182
440.14,0.0016936,0.0026022,0.002373
440.35,0.002799,0.0022868,0.0030264
440.56,0.003102,0.001656,0.00325
440.77,0.0034943,0.0020502,0.0032844
440.98,0.0030664,0.0016165,0.0021495
441.19,0.0024781,0.0023459,0.0019431
441.4,0.0013549,0.0020108,0.0024762
441.61,0.0010162,0.0017151,0.0024762
441.82,0.0011588,0.0022868,0.0029921
442.03,0.0020502,0.0027008,0.0023214
442.24,0.0019432,0.0026811,0.0029233
442.45,0.0019611,0.0024051,0.0019259
442.66,0.0025137,0.0022474,0.0013069
442.87,0.0032268,0.0033316,0.00060185
443.08,0.003833,0.0030753,0.0008082
443.29,0.0034051,0.0035485,0.0018399
443.5,0.0022107,0.0027205,0.0017712
443.71,0.002282,0.0027599,0.0020635
443.92,0.0020324,0.001794,0.0020979
444.13,0.0029416,0.0017151,0.0029749
444.34,0.0028346,0.0022868,0.0029921
444.55,0.0028168,0.0019714,0.0053823
444.77,0.0025316,0.0029176,0.0084603
444.98,0.002175,0.0021882,0.015734
445.19,0.0030129,0.0031148,0.027754
445.4,0.0032447,0.0025036,0.048251
445.61,0.0029238,0.0022079,0.080184
445.82,0.0016758,0.0019911,0.11846
446.03,0.0012301,0.0017151,0.16578
446.24,0.0016045,0.0019714,0.21548
446.45,0.0023889,0.001518,0.27374
446.66,0.0022998,0.0014785,0.33128
446.87,0.0024246,0.00138,0.39213
447.08,0.0019254,0.0021685,0.46418
447.29,0.0021037,0.0023657,0.5487
447.5,0.0018898,0.0033119,0.6299
447.71,0.0025137,0.0031345,0.71522
447.92,0.003209,0.0028585,0.80063
448.13,0.0029594,0.0019911,0.88518
448.34,0.0019254,0.0012025,0.91122
448.55,0.001658,0.0019714,0.89186
448.76,0.00099836,0.0018531,0.85659
448.97,0.0016402,0.0017348,0.87495
449.18,0.0012658,0.0018728,0.90979
449.39,0.0022641,0.0018728,0.95854
449.6,0.0022641,0.0028585,0.98239
449.81,0.0029951,0.0023065,0.99228
450.02,0.0035299,0.0021882,0.98901
450.23,0.0023889,0.0026022,0.97878
450.44,0.0023711,0.0023459,0.99274
450.65,0.0015689,0.0029768,1
450.86,0.0031199,0.0019319,0.97697
451.07,0.0024424,0.0023262,0.93493
451.28,0.0020502,0.0015574,0.90069
451.49,0.0020145,0.0020699,0.8825
451.7,0.0015689,0.0029373,0.85896
451.91,0.0019967,0.0034893,0.82378
452.12,0.0016758,0.0036076,0.76934
452.33,0.0024424,0.0029768,0.71022
452.54,0.0028703,0.0028191,0.63982
452.75,0.0026564,0.0027994,0.56665
452.96,0.0018184,0.0024248,0.49613
453.17,0.0015154,0.0013602,0.4308
453.38,0.00089139,0.00029571,0.38083
453.58,0.0013727,0.00025628,0.33079
453.79,0.0010697,0.0019911,0.28101
454,0.001551,0.0032133,0.23536
454.21,0.0012301,0.0032922,0.19963
454.42,0.0019076,0.0027008,0.16317
454.63,0.0022285,0.0022079,0.13423
454.84,0.0031912,0.0023459,0.10608
455.05,0.0032982,0.0027994,0.088283
455.26,0.0030129,0.0024248,0.07573
455.47,0.0023176,0.0019714,0.064828
455.68,0.001658,0.00098569,0.055611
455.89,0.0022641,0.001242,0.04538
456.1,0.002068,0.00080826,0.033704
456.31,0.002692,0.0013602,0.024796
456.52,0.0025137,0.0013011,0.018227
456.73,0.0026029,0.0021291,0.014221
456.94,0.0014975,0.0022277,0.0099907
457.15,0.0022463,0.0027599,0.0064828
457.36,0.0023533,0.0029965,0.0053651
457.57,0.0026207,0.0025825,0.0050727
457.78,0.0018898,0.0023459,0.0059153
457.99,0.0018541,0.0021291,0.0050383
458.2,0.0023354,0.0022079,0.0041098
458.41,0.0023889,0.0019517,0.0030436
458.62,0.0024781,0.0022079,0.0028717
458.83,0.0021572,0.0022868,0.0031468
459.04,0.0020502,0.0025234,0.0030952
459.24,0.0026564,0.0018728,0.0032672
459.45,0.0028168,0.0020108,0.0026137
459.66,0.002799,0.0020897,0.0026825
459.87,0.0018719,0.0017545,0.0019087
460.08,0.0018184,0.0015377,0.001582
460.29,0.00073094,0.0014588,0.0011349
460.5,0.00098053,0.0025628,0.0018743
460.71,0.00062397,0.0028782,0.0021323
460.92,0.00065963,0.0030556,0.0019431
461.13,0.00071311,0.0021094,0.0015992
461.34,0.0011232,0.0021291,0.002287
461.55,0.0020145,0.0015771,0.0027685
461.76,0.0023176,0.0025036,0.0027341
461.97,0.0019789,0.0024248,0.0024934
462.18,0.0018898,0.0026811,0.0025622
462.39,0.0018184,0.0023854,0.0023042
462.59,0.0019432,0.001656,0.0019087
462.8,0.0026742,0.0011828,0.0023042
463.01,0.002692,0.00035485,0.0029061
463.22,0.0029594,0.00072941,0.0032672
463.43,0.0022285,0.00138,0.0026137
463.64,0.002175,0.0022474,0.0020807
463.85,0.0024246,0.0024248,0.0026481
464.06,0.0025672,0.0017545,0.0028717
464.27,0.0027098,0.001794,0.0025106
464.48,0.0021928,0.0011434,0.0024074
464.69,0.0022285,0.0021685,0.0022182
464.9,0.0016223,0.0025431,0.0033532
465.11,0.0011232,0.0036865,0.0027169
465.31,0.0011053,0.0030753,0.0028029
465.52,0.001658,0.0020502,0.0026309
465.73,0.0025316,0.0014982,0.0027857
465.94,0.0026207,0.0015377,0.0036627
466.15,0.0027455,0.0022868,0.0030608
466.36,0.0024781,0.0029176,0.0027685
466.57,0.0030664,0.0024445,0.0017712
466.78,0.0022463,0.0022079,0.002373
466.99,0.0023889,0.0017151,0.0033704
467.2,0.0014441,0.0026219,0.0027169
467.41,0.0022463,0.0017151,0.0025106
467.61,0.0022998,0.0021488,0.0019259
467.82,0.0025316,0.0024248,0.0029577
468.03,0.0019967,0.0024051,0.0031296
468.24,0.002068,0.001794,0.0025278
468.45,0.0026029,0.0013997,0.0025278
468.66,0.0028168,0.0015968,0.0025278
468.87,0.0031199,0.0021094,0.0025794
469.08,0.002692,0.001794,0.002545
469.29,0.0026029,0.0028782,0.0021839
469.49,0.0017471,0.0026811,0.0024762
469.7,0.002068,0.0029373,0.0022698
469.91,0.0017828,0.001794,0.0025106
470.12,0.0027277,0.00076884,0.0029749
470.33,0.0020502,0,0.003164
470.54,0.0022998,0.00092655,0.0028201
470.75,0.0020145,0.001518,0.0026137
470.96,0.0015332,0.0020897,0.0023042
471.17,0.0019611,0.0019517,0.0017884
471.37,0.0025316,0.0021685,0.0011177
471.58,0.0027811,0.0020897,0.0019603
471.79,0.0019789,0.0016362,0.0020635
472,0.0015689,0.0012617,0.0024246
472.21,0.0019432,0.0015377,0.0021151
472.42,0.0022641,0.0022277,0.0023214
472.63,0.0017115,0.0018137,0.0021495
472.84,0.0012479,0.0020305,0.0012209
473.05,0.0011945,0.0013405,0.0020463
473.25,0.0015332,0.0019517,0.0024074
473.46,0.0025137,0.00094626,0.0028373
473.67,0.0026385,0.00090683,0.0023558
473.88,0.0025672,0.0017545,0.0023042
474.09,0.0021928,0.0026219,0.002459
474.3,0.0022998,0.0026416,0.002545
474.51,0.0015867,0.0018137,0.0019603
474.71,0.0013549,0.0010645,0.0019775
474.92,0.0012658,0.0014785,0.0017024
475.13,0.0017471,0.001656,0.0018915
475.34,0.0017471,0.0019517,0.00141
475.55,0.0014441,0.0020108,0.0020807
475.76,0.0019254,0.0024248,0.0025106
475.97,0.002282,0.0026811,0.0031468
476.17,0.0028525,0.0031936,0.0024074
476.38,0.0029951,0.0028782,0.0019775
476.59,0.0030842,0.0027796,0.0018571
476.8,0.0029059,0.0020108,0.0026653
477.01,0.0027455,0.0022474,0.0021151
477.22,0.0022285,0.0026811,0.0017196
477.43,0.0019254,0.0029373,0.0012381
477.63,0.0009627,0.0032528,0.0024246
477.84,0.0011766,0.0025431,0.0022354
478.05,0.0015867,0.0025431,0.0013413
478.26,0.0028703,0.0023065,0.0012897
478.47,0.0030664,0.0022868,0.0020807
478.68,0.003316,0.0021488,0.0022354
478.88,0.0021393,0.0019517,0.0027341
479.09,0.002068,0.0024248,0.0019087
479.3,0.0013014,0.0021685,0.0019603
479.51,0.0018006,0.0021685,0.001754
479.72,0.0018184,0.0021094,0.0018571
479.93,0.0024959,0.0022474,0.0023214
480.14,0.0024781,0.0018137,0.001668
480.34,0.0027277,0.0017742,0.0016508
480.55,0.003209,0.0019122,0.0012381
480.76,0.0028168,0.0021291,0.0018743
480.97,0.0025672,0.0018728,0.001754
481.18,0.0018719,0.0017545,0.0016852
481.39,0.0025494,0.0016954,0.00091137
481.59,0.0021393,0.0017545,0.0012209
481.8,0.0024424,0.0024445,0.0018571
482.01,0.0026385,0.0030359,0.0020979
482.22,0.0023711,0.0033711,0.0018399
482.43,0.0023889,0.0033513,0.0015132
482.63,0.0025137,0.0026219,0.0016852
482.84,0.0029238,0.0024445,0.0012897
483.05,0.0029594,0.0025431,0.0018227
483.26,0.0026742,0.0033711,0.0015132
483.47,0.0027277,0.0040413,0.0021495
483.68,0.0017828,0.0039428,0.0020463
483.88,0.001551,0.0031542,0.0021495
484.09,0.0021928,0.0028191,0.0019603
484.3,0.0027098,0.0026416,0.0022354
484.51,0.0031377,0.0029176,0.0026825
484.72,0.0028168,0.0025825,0.0021839
484.92,0.0032982,0.0018531,0.0013929
485.13,0.0028346,0.0023065,0.0010317
485.34,0.0028346,0.0023657,0.001668
485.55,0.0022463,0.0028388,0.0012381
485.76,0.0024246,0.0028782,0.0010145
485.96,0.0028703,0.0027796,0.0016164
486.17,0.0029416,0.0026811,0.0028717
486.38,0.0025494,0.0022474,0.0030952
486.59,0.0019967,0.0018925,0.0029749
486.8,0.0019967,0.0014391,0.0022354
487,0.0016402,0.00094626,0.0019087
487.21,0.0023176,0.0018925,0.0021151
487.42,0.0023176,0.0027994,0.0023214
487.63,0.0027277,0.0028979,0.0025966
487.84,0.0025137,0.0022868,0.0027169
488.04,0.0021928,0.0017545,0.0024762
488.25,0.002282,0.0028979,0.0028029
488.46,0.0012658,0.0023459,0.0022182
488.67,0.0014262,0.0029965,0.0025794
488.88,0.0015154,0.0025234,0.0019947
489.08,0.002175,0.0029373,0.0017368
489.29,0.0025494,0.0024445,0.0017024
489.5,0.0023533,0.0013208,0.0020979
489.71,0.0019789,0.0013997,0.0022011
489.91,0.0018719,0.0011434,0.0021495
490.12,0.0024246,0.0020108,0.0021323
490.33,0.0031734,0.0020305,0.002459
490.54,0.0033338,0.0027994,0.0021667
490.75,0.0024602,0.0029176,0.0020979
490.95,0.0024246,0.0030951,0.0015304
491.16,0.0019967,0.0031148,0.0020119
491.37,0.002282,0.0032331,0.0024934
491.58,0.0010162,0.0027994,0.0026309
491.78,0.00055266,0.0022474,0.0028545
491.99,0.00049918,0.0018334,0.0028717
492.2,0.0004457,0.0027796,0.0040754
492.41,0.00094488,0.0030951,0.0035079
492.62,0.001141,0.0034893,0.0034048
492.82,0.0018541,0.0033711,0.0021495
493.03,0.0023889,0.0035682,0.0020979
493.24,0.0027277,0.0034696,0.0014444
493.45,0.0025316,0.0030359,0.0021323
493.65,0.0020859,0.0026811,0.0025622
493.86,0.0017828,0.0028388,0.0028717
494.07,0.0018898,0.0023459,0.0019259
494.28,0.0016936,0.0025628,0.0020635
494.48,0.0014975,0.0019517,0.0022526
494.69,0.0021037,0.0019714,0.0025794
494.9,0.002282,0.0014391,0.0027857
495.11,0.0028168,0.0014194,0.0018399
495.31,0.0029238,0.0020108,0.0023902
495.52,0.0026564,0.0014588,0.0020807
495.73,0.0015154,0.0023065,0.0032156
495.94,0.00062397,0.001794,0.0031812
496.14,0.00089139,0.0028388,0.0031984
496.35,0.0014619,0.0021488,0.0022698
496.56,0.0013549,0.0028585,0.0019431
496.77,0.0011945,0.0032725,0.0016852
496.97,0.0019254,0.0028191,0.0018056
497.18,0.0020324,0.0028782,0.00092857
497.39,0.0021037,0.0020108,0.0013241
497.6,0.0016758,0.0022671,0.0017024
497.8,0.0022463,0.0017742,0.0026137
498.01,0.0023711,0.0020699,0.0026997
498.22,0.002585,0.0030162,0.0025966
498.43,0.0026029,0.003647,0.0022182
498.63,0.003102,0.0028782,0.0022182
498.84,0.0031912,0.0023262,0.0029061
499.05,0.0029594,0.001518,0.0036971
499.25,0.0024424,0.0020897,0.0031124
499.46,0.0019611,0.0026614,0.0025794
499.67,0.0012658,0.0023854,0.0018915
499.88,0.001141,0.0030753,0.001582
500.08,0.0011053,0.0027402,0.001668
500.29,0.002282,0.0038836,0.0024934
500.5,0.0019789,0.0031739,0.0026997
500.71,0.0029238,0.0039428,0.0019603
500.91,0.0024959,0.0035682,0.0021667
501.12,0.002282,0.0037259,0.0022526
501.33,0.0011945,0.0036076,0.0031984
501.53,0.0012301,0.0031739,0.0021839
501.74,0.0014084,0.0030556,0.0026481
501.95,0.0021928,0.0033711,0.001754
502.16,0.0023533,0.0052439,0.0018056
502.36,0.0020859,0.0078264,0.00096296
502.57,0.0014975,0.0085952,0.0018743
502.78,0.0010162,0.010665,0.0021667
502.98,0.0017293,0.012775,0.0028545
503.19,0.0018541,0.016343,0.0032844
503.4,0.0017115,0.018629,0.0031468
503.6,0.0017115,0.022967,0.0033016
503.81,0.0015689,0.025884,0.0028545
504.02,0.0022463,0.031581,0.0025966
504.23,0.0021928,0.038501,0.0017712
504.43,0.0014441,0.047747,0.0018227
504.64,0.0011588,0.061349,0.0020979
504.85,0.0012123,0.077396,0.0027341
505.05,0.0022998,0.097386,0.0025622
505.26,0.0026207,0.11331,0.002459
505.47,0.0029951,0.12554,0.0028373
505.67,0.0024602,0.13821,0.0028201
505.88,0.0020324,0.15306,0.0028717
506.09,0.0021393,0.17598,0.0031812
506.3,0.0024424,0.2028,0.0032844
506.5,0.0028881,0.23162,0.0035079
506.71,0.0022463,0.26491,0.003164
506.92,0.0027277,0.3019,0.0024762
507.12,0.0024602,0.34318,0.0027169
507.33,0.0026029,0.37669,0.0023558
507.54,0.0025137,0.40904,0.002545
507.74,0.0024602,0.43816,0.0019431
507.95,0.0025494,0.47595,0.0013069
508.16,0.0026029,0.51163,0.0016508
508.36,0.0031199,0.54889,0.0017884
508.57,0.002585,0.58368,0.0018915
508.78,0.0023711,0.62609,0.0018227
508.98,0.0022107,0.67459,0.0020807
509.19,0.0021393,0.7189,0.0020807
509.4,0.0020145,0.73873,0.0013757
509.6,0.0011053,0.7301,0.0012037
509.81,0.0012658,0.72127,0.0019087
510.02,0.0014619,0.72789,0.0024418
510.22,0.0020859,0.76269,0.0026309
510.43,0.0024246,0.80809,0.0021495
510.64,0.0017115,0.86074,0.0024934
510.84,0.0019611,0.89743,0.0022182
511.05,0.0023354,0.9312,0.0030264
511.26,0.0033695,0.95245,0.0026137
511.46,0.0032625,0.97966,0.0028717
511.67,0.0023533,0.99807,0.0028717
511.88,0.0021037,1,0.0029061
512.08,0.0021928,0.97408,0.0022354
512.29,0.0031377,0.9327,0.0019087
512.5,0.0027277,0.91068,0.0018571
512.7,0.0026207,0.92274,0.0023902
512.91,0.0024068,0.93043,0.0018056
513.12,0.0027811,0.90668,0.0018915
513.32,0.0019254,0.84927,0.0016336
513.53,0.0016223,0.80243,0.0015304
513.74,0.0014619,0.78423,0.0020635
513.94,0.0022998,0.77004,0.0019431
514.15,0.0020145,0.74082,0.0024074
514.36,0.0016936,0.70995,0.0017884
514.56,0.0014441,0.69337,0.0020291
514.77,0.0018898,0.68468,0.0017196
514.97,0.0016402,0.66252,0.0022698
515.18,0.0016936,0.63001,0.0029921
515.39,0.0020145,0.61558,0.0030952
515.59,0.0027811,0.61107,0.0033016
515.8,0.0038152,0.60709,0.0027341
516.01,0.0031912,0.58601,0.0028373
516.21,0.0030664,0.55883,0.0023042
516.42,0.0018541,0.5292,0.0020979
516.63,0.0019076,0.50014,0.0030608
516.83,0.0015332,0.47571,0.0033188
517.04,0.0019076,0.47057,0.0032156
517.24,0.0019432,0.46314,0.0024934
517.45,0.002585,0.44679,0.0018571
517.66,0.0026385,0.41967,0.0024762
517.86,0.0030842,0.38765,0.0018915
518.07,0.0032803,0.35666,0.0024074
518.28,0.0025672,0.32833,0.0016508
518.48,0.0028525,0.30448,0.0014444
518.69,0.0021928,0.28626,0.0015648
518.89,0.0031377,0.26826,0.0022011
519.1,0.0030307,0.2494,0.0027169
519.31,0.002585,0.22797,0.0021839
519.51,0.0022641,0.20707,0.0013241
519.72,0.0020859,0.18787,0.0013413
519.92,0.0028703,0.17328,0.0015476
520.13,0.0029951,0.15978,0.0016852
520.34,0.0026029,0.15069,0.0020119
520.54,0.003102,0.1407,0.0019603
520.75,0.0029416,0.12769,0.0024934
520.95,0.0029951,0.11361,0.0023558
521.16,0.0023889,0.10371,0.0023042
521.37,0.0016758,0.095001,0.0023042
521.57,0.0024424,0.091452,0.0027857
521.78,0.0022285,0.086445,0.0027857
521.98,0.0023533,0.084296,0.0022011
522.19,0.0011588,0.081733,0.001582
522.4,0.0014975,0.077869,0.0016852
522.6,0.002068,0.07095,0.0016508
522.81,0.0022463,0.062197,0.0014444
523.01,0.0025137,0.053858,0.001496
523.22,0.0019967,0.046919,0.0019259
523.43,0.0023176,0.042483,0.0023042
523.63,0.0018006,0.038126,0.0020119
523.84,0.0017471,0.034716,0.0019259
524.04,0.001551,0.029472,0.0021667
524.25,0.0013906,0.02407,0.0024246
524.46,0.0020324,0.019812,0.0023214
524.66,0.0018898,0.016717,0.0020807
524.87,0.0019076,0.014904,0.0019947
525.07,0.0011945,0.013051,0.0020807
525.28,0.0013193,0.0098766,0.0021839
525.48,0.0017471,0.0073927,0.0020463
525.69,0.0020502,0.0060127,0.0025622
525.9,0.0020145,0.0059141,0.0027341
526.1,0.0014262,0.0051059,0.0029061
526.31,0.0014084,0.0050467,0.0034391
526.51,0.002585,0.0041793,0.0031124
526.72,0.0026742,0.004061,0.0032672
526.93,0.0023176,0.0031148,0.0020291
527.13,0.00080225,0.0033119,0.002459
527.34,0.0012301,0.0033711,0.0028373
527.54,0.0018184,0.0036273,0.0032156
527.75,0.0017471,0.0036273,0.0030264
527.95,0.0013906,0.0038639,0.0023902
528.16,0.0010518,0.0036076,0.0022354
528.36,0.0022107,0.0035485,0.001496
528.57,0.002175,0.004061,0.0018743
528.78,0.0021393,0.0036668,0.0018227
528.98,0.001551,0.0037259,0.0020119
529.19,0.0017293,0.0025825,0.0024934
529.39,0.002282,0.0029965,0.0027857
529.6,0.0024424,0.0027205,0.0029061
529.8,0.0023889,0.0031345,0.0023214
530.01,0.001658,0.003509,0.0021495
530.21,0.0011232,0.0033908,0.002373
530.42,0.0011232,0.0035682,0.0018743
530.63,0.0019611,0.0026219,0.0018915
530.83,0.0018541,0.0023854,0.0018915
531.04,0.0014262,0.0020699,0.001754
531.24,0.00083791,0.0025825,0.0021495
531.45,0.00073094,0.0029176,0.0025106
531.65,0.0012479,0.0031345,0.0026309
531.86,0.0018184,0.0024445,0.0027685
532.06,0.0025672,0.0018137,0.0026653
532.27,0.0024424,0.001794,0.0027513
532.47,0.0014797,0.0020502,0.0021323
532.68,0.0017828,0.0033119,0.0012209
532.89,0.0023354,0.0029373,0.0014616
533.09,0.0022463,0.0030951,0.0010833
533.3,0.0020502,0.0028191,0.0018227
533.5,0.0011053,0.0030951,0.0014616
533.71,0.0018363,0.0029965,0.0015992
533.91,0.0021215,0.0028191,0.0014272
534.12,0.0027455,0.0025431,0.0023558
534.32,0.0027455,0.0025036,0.0028717
534.53,0.0022285,0.0030162,0.0030952
534.73,0.0024424,0.0024445,0.0029749
534.94,0.0020145,0.0021094,0.0032672
535.14,0.0022285,0.00047313,0.0033704
535.35,0.0013727,0.00033513,0.0030093
535.55,0.0016045,0.0013208,0.0020119
535.76,0.0011232,0.0018925,0.0017024
535.96,0.0020502,0.0028388,0.0021151
536.17,0.0021215,0.0018334,0.0024074
536.37,0.002585,0.0015968,0.0020979
536.58,0.0019254,0.0010448,0.0022182
536.78,0.0013371,0.0012617,0.0028029
536.99,0.0013193,0.0016165,0.0031468
537.19,0.0013014,0.0014391,0.0022698
537.4,0.0021037,0.0017151,0.0018915
537.61,0.0019076,0.0020108,0.001668
537.81,0.0015689,0.0025431,0.0023386
538.02,0.0013549,0.0011631,0.0027857
538.22,0.0014441,0.00059141,0.0032672
538.43,0.0019967,0.00011828,0.0027857
538.63,0.0027098,0.0021685,0.0014788
538.84,0.0021215,0.0021685,0.0011005
539.04,0.001551,0.0027599,0.0011349
539.25,0.0011588,0.0026416,0.0020119
539.45,0.0011945,0.0031148,0.001754
539.66,0.001551,0.0031936,0.0013585
539.86,0.0015867,0.0022277,0.0014444
540.07,0.0021572,0.0027599,0.0020807
540.27,0.0017115,0.0031148,0.0019259
540.47,0.0022463,0.0035682,0.0021495
540.68,0.0015332,0.0026811,0.0015476
540.88,0.0020502,0.0016757,0.0024418
541.09,0.0013371,0.0011828,0.0015648
541.29,0.0023354,0.0011828,0.0018915
541.5,0.0024246,0.00063084,0.0018571
541.7,0.0026029,0.00041399,0.0025794
541.91,0.0026742,0.0010843,0.0026653
542.11,0.0029416,0.0017348,0.0029233
542.32,0.0027633,0.0020305,0.0021323
542.52,0.0026207,0.0020305,0.0013241
542.73,0.0018541,0.0022671,0.0010317
542.93,0.0018898,0.0024839,0.0017196
543.14,0.0013549,0.0023854,0.0029921
543.34,0.0021393,0.0026022,0.0035767
543.55,0.0022641,0.0018137,0.0038003
543.75,0.0028703,0.001656,0.003164
543.96,0.0019789,0.0017742,0.0024418
544.16,0.0015867,0.0026416,0.0022011
544.37,0.0016223,0.0031739,0.0025966
544.57,0.0027633,0.003509,0.002545
544.78,0.0026564,0.0029965,0.0030436
544.98,0.0020145,0.0028191,0.0028373
545.18,0.0013906,0.0021291,0.0034391
545.39,0.0010162,0.0027205,0.002373
545.59,0.0013193,0.0019319,0.0018227
545.8,0.001034,0.0024445,0.00053307
546,0.0010875,0.0021685,0.00075661
546.21,0.0016936,0.0023262,0.0012725
546.41,0.0025672,0.0018137,0.0019947
546.62,0.0028525,0.0024248,0.0024246
546.82,0.0022641,0.0028782,0.0021151
547.03,0.0018541,0.0029768,0.0020119
547.23,0.0017115,0.0023657,0.0021151
547.43,0.0014262,0.0023262,0.0028717
547.64,0.001765,0.0032331,0.0028889
547.84,0.0026029,0.0030753,0.0023558
548.05,0.0037082,0.0026416,0.0018571
548.25,0.0030307,0.001656,0.0015648
548.46,0.0029594,0.0025036,0.0020635
548.66,0.0020502,0.0027599,0.0023902
548.87,0.002585,0.0024642,0.0028201
549.07,0.0020324,0.0016165,0.0026653
549.27,0.0014975,0.0015771,0.0014616
549.48,0.00053484,0.0018531,0.0012381
549.68,0.0010875,0.0022671,0.0013757
549.89,0.0016758,0.0025628,0.0020807
550.09,0.0023533,0.0021685,0.0020635
550.3,0.0018898,0.0020305,0.0018399
550.5,0.0021037,0.0011828,0.0024934
550.7,0.0018719,0.0012617,0.00325
550.91,0.0019076,0.0018728,0.0031812
551.11,0.0019432,0.0018925,0.002545
551.32,0.002585,0.0029571,0.0020979
551.52,0.0022998,0.0026416,0.0022526
551.73,0.0025316,0.0037456,0.0034563
551.93,0.0015154,0.0021488,0.0028201
552.13,0.0022463,0.0018925,0.0026653
552.34,0.0018184,5.9141e-05,0.0016336
552.54,0.0031199,0.00045342,0.0021323
552.75,0.002692,0.0011631,0.0020635
552.95,0.0032625,0.0020108,0.0017024
553.15,0.0024068,0.0030951,0.0018915
553.36,0.0032447,0.0023657,0.0019087
553.56,0.0029238,0.0029768,0.0025622
553.77,0.0024424,0.0035288,0.002373
553.97,0.0016758,0.0045539,0.0020463
554.18,0.001551,0.0041399,0.0021323
554.38,0.0024424,0.0034302,0.0023902
554.58,0.0023889,0.0025431,0.0021323
554.79,0.0027277,0.0024051,0.0012553
554.99,0.0022463,0.0019122,0.0011865
555.2,0.0022107,0.0011828,0.0016336
555.4,0.0026742,0.0004337,0.0027685
555.6,0.0027455,0.0010054,0.0024762
555.81,0.0029773,0.0019319,0.0022698
556.01,0.0017293,0.0029373,0.00092857
556.22,0.0018898,0.0029768,0.00072222
556.42,0.0018184,0.0026219,0.0017884
556.62,0.0025316,0.0025825,0.0025106
556.83,0.0019789,0.0014194,0.0029061
557.03,0.0024781,0.0011828,0.0021839
557.24,0.0028703,0.0017545,0.0023902
557.44,0.0035656,0.0022671,0.0023042
557.64,0.0028525,0.0029373,0.0025622
557.85,0.0020324,0.0022474,0.0020635
558.05,0.0017828,0.0025825,0.0027169
558.25,0.0026207,0.0027205,0.002373
558.46,0.0030486,0.0027008,0.0027685
558.66,0.0028525,0.0027994,0.0026137
558.87,0.0025316,0.0026811,0.0030436
559.07,0.0018898,0.0028388,0.0028717
559.27,0.0022463,0.0027008,0.0032156
559.48,0.0026742,0.0019122,0.002545
559.68,0.0028881,0.0016757,0.0024418
559.88,0.0026564,0.0011237,0.0020291
560.09,0.0015154,0.0014194,0.0024934
560.29,0.0018184,0.0019911,0.0027341
560.5,0.0014619,0.0023459,0.0023386
560.7,0.0024246,0.0019319,0.0018056
560.9,0.0020324,0.0025825,0.0022526
561.11,0.0025137,0.0027796,0.0027857
561.31,0.0018541,0.0031542,0.0027685
561.51,0.001658,0.0018137,0.0025966
561.72,0.0012658,0.0015377,0.0023558
561.92,0.0018006,0.001656,0.003164
562.12,0.0023354,0.0019122,0.0025622
562.33,0.0023889,0.0020897,0.0022182
562.53,0.0017115,0.0012814,0.0011865
562.74,0.001658,0.0014391,0.0013585
562.94,0.0018184,0.0016362,0.0011349
563.14,0.0018541,0.0020108,0.0011865
563.35,0.0012479,0.0025628,0.0014272
563.55,0.0019076,0.0016165,0.0017368
563.75,0.001551,0.0020305,0.0026309
563.96,0.0019611,0.0015377,0.0025966
564.16,0.0009627,0.0023657,0.0032844
564.36,0.00085574,0.0025431,0.0033188
564.57,0.00041004,0.0025431,0.0028545
564.77,0.00042787,0.0026416,0.0028717
564.97,0.00065963,0.0026219,0.0022526
565.18,0.0011588,0.0022671,0.0021151
565.38,0.0018184,0.0026219,0.0015476
565.58,0.0021215,0.0027402,0.0014788
565.79,0.0024246,0.0030951,0.0020291
565.99,0.0023354,0.0018531,0.0017196
566.19,0.002585,0.0016165,0.0016336
566.4,0.0022285,0.0014785,0.0013069
566.6,0.0020502,0.0028782,0.0017368
566.8,0.0015332,0.0031542,0.0020807
567.01,0.0014084,0.0034696,0.0019603
567.21,0.0010162,0.0031936,0.00099735
567.41,0.00074877,0.0032922,0.0012897
567.62,0.0014619,0.0031739,0.0020807
567.82,0.0016223,0.0032725,0.0029233
568.02,0.0030486,0.0029571,0.0028029
568.23,0.002175,0.0027796,0.0029577
568.43,0.002585,0.0021094,0.0029061
568.63,0.0022285,0.0016954,0.0029749
568.84,0.0027633,0.0022671,0.0016508
569.04,0.0019789,0.0028191,0.0015304
569.24,0.001658,0.0028191,0.001496
569.45,0.0019432,0.0019319,0.002287
569.65,0.0022285,0.00138,0.0022698
569.85,0.0023354,0.0020897,0.0018571
570.05,0.0021572,0.0022277,0.0021495
570.26,0.0019611,0.0021882,0.001754
570.46,0.0021572,0.0020897,0.0019947
570.66,0.0020502,0.001242,0.0013929
570.87,0.0026029,0.0013011,0.0019087
571.07,0.0022641,0.0014785,0.0014272
571.27,0.0018719,0.0021882,0.0013757
571.48,0.0017471,0.0020699,0.001582
571.68,0.0012123,0.001518,0.0020291
571.88,0.001765,0.001656,0.0024762
572.08,0.0017471,0.0020897,0.0021495
572.29,0.0026385,0.0021094,0.0019775
572.49,0.002692,0.0024642,0.0020979
572.69,0.0022641,0.0025628,0.0023042
572.9,0.0019789,0.0025036,0.0028029
573.1,0.0016223,0.0025431,0.0029233
573.3,0.0025494,0.0021094,0.0026825
573.51,0.0026564,0.0019319,0.0029577
573.71,0.0019432,0.0019122,0.0019775
573.91,0.0011232,0.0024839,0.0019087
574.11,0.00098053,0.0027994,0.0011349
574.32,0.001141,0.0029571,0.0017024
574.52,0.0014262,0.0021882,0.0016164
574.72,0.0021572,0.0015771,0.0023214
574.93,0.002692,0.00080826,0.0021151
575.13,0.003209,0.001656,0.0022698
575.33,0.0024781,0.0026416,0.0013069
575.53,0.0023176,0.0034105,0.0014272
575.74,0.0020859,0.0027008,0.001496
575.94,0.002175,0.0021094,0.0019259
576.14,0.002282,0.0023854,0.0027341
576.34,0.001551,0.0018728,0.0024418
576.55,0.0013549,0.0027008,0.0025106
576.75,0.0010875,0.0024248,0.0015304
576.95,0.0013906,0.0038048,0.0022182
577.16,0.0009627,0.0032922,0.0026997
577.36,0.0011232,0.0030556,0.0026825
577.56,0.0018363,0.0026614,0.0027341
577.76,0.0024246,0.0024839,0.0021151
577.97,0.0023176,0.0025628,0.0028373
578.17,0.0022463,0.0021488,0.0028545
578.37,0.0018006,0.0025036,0.0028545
578.57,0.0022641,0.0036668,0.0029921
578.78,0.0019254,0.003923,0.0022182
578.98,0.0022107,0.0031542,0.002287
579.18,0.0019967,0.0012223,0.00141
579.38,0.0025494,0.00092655,0.0018399
579.59,0.0028346,0.0014588,0.0021667
579.79,0.0026564,0.0015968,0.0022526
579.99,0.0021928,0.0017151,0.0020463
580.19,0.0021928,0.0013208,0.0022182
580.4,0.0022463,0.0021882,0.0031124
580.6,0.002175,0.0019714,0.003336
580.8,0.0016045,0.0027205,0.0029405
581,0.0023711,0.0032528,0.0018915
581.21,0.0026029,0.0038836,0.0015648
581.41,0.0028881,0.0033119,0.0013069
581.61,0.0026207,0.0024839,0.0023042
581.81,0.0025137,0.0015574,0.0024074
582.01,0.0037438,0.0018531,0.0027513
582.22,0.0038865,0.00138,0.0025278
582.42,0.0039934,0.0018137,0.0027513
582.62,0.0028525,0.0019911,0.0024074
582.82,0.0023176,0.0021094,0.002373
583.03,0.0021037,0.0023657,0.0027341
583.23,0.0007666,0.0023459,0.0033016
583.43,0.00069529,0.001794,0.0033704
583.63,0.00057049,0.0019517,0.0027341
583.84,0.0018363,0.0011631,0.0017024
584.04,0.0010518,0.0019517,0.0013069
584.24,0.00099836,0.0015968,0.00091137
584.44,0.00094488,0.0018925,0.001496
584.64,0.0022998,0.0023459,0.0013757
584.85,0.0029059,0.0023262,0.0017024
585.05,0.0027098,0.0027599,0.0014272
585.25,0.002175,0.0022868,0.0020291
585.45,0.0018006,0.0017348,0.0019431
585.65,0.002282,0.0019122,0.0015992
585.86,0.0030307,0.0015771,0.0013069
586.06,0.0030842,0.0020305,0.001668
586.26,0.0021572,0.0016165,0.0017196
586.46,0.001765,0.0017151,0.0010833
586.67,0.0013906,0.0012814,0.00065344
586.87,0.0023533,0.0020502,0.0010317
587.07,0.001551,0.0021291,0.0015992
587.27,0.0025672,0.0027599,0.0013069
587.47,0.0023176,0.0014391,0.0019603
587.68,0.0028168,0.0023854,0.0020635
587.88,0.0019076,0.0025628,0.0028201
588.08,0.0017115,0.0031739,0.002373
588.28,0.0012836,0.0016954,0.0020635
588.48,0.0016758,0.0017545,0.0023042
588.68,0.0019967,0.0018334,0.0023558
588.89,0.0025137,0.0035288,0.0024418
589.09,0.0019789,0.003647,0.0024418
589.29,0.0018898,0.0033908,0.0024934
589.49,0.0022285,0.0032133,0.0025622
589.69,0.0020859,0.0029373,0.0017368
589.9,0.002068,0.0029571,0.0016336
590.1,0.0020859,0.0016954,0.0012725
590.3,0.0021572,0.0020699,0.0022354
590.5,0.002068,0.0016757,0.0019603
590.7,0.0018363,0.0021094,0.0020807
590.91,0.0024602,0.0021882,0.0010833
591.11,0.0025137,0.0024445,0.0013069
591.31,0.0022107,0.0026811,0.0014444
591.51,0.0018363,0.0017742,0.0020979
591.71,0.0023889,0.0019122,0.002459
591.91,0.0016045,0.0019319,0.0029921
592.12,0.0021393,0.0025036,0.002287
592.32,0.0013549,0.0029373,0.0019603
592.52,0.0017828,0.0029176,0.0016852
592.72,0.00080225,0.0023854,0.00141
592.92,0.0012479,0.0016954,0.00085979
593.12,0.0021215,0.0017151,0.00087698
593.33,0.0029238,0.0020502,0.0015992
593.53,0.0023533,0.0025234,0.0025106
593.73,0.001765,0.0027796,0.0030952
593.93,0.0014619,0.0035288,0.0036799
594.13,0.0020859,0.0032331,0.0038003
594.33,0.002282,0.0027599,0.0032672
594.53,0.0024068,0.0020108,0.0029577
594.74,0.002585,0.0025234,0.0023902
594.94,0.0023354,0.001794,0.0019947
595.14,0.0019254,0.0026022,0.0019259
595.34,0.0012479,0.0014588,0.0018399
595.54,0.0011766,0.0020108,0.0022698
595.74,0.0012658,0.0010645,0.0026481
595.95,0.0021572,0.0012025,0.0032156
596.15,0.002175,0.001656,0.0025106
596.35,0.0027277,0.0017151,0.0025966
596.55,0.0020859,0.0025431,0.0019259
596.75,0.0026742,0.0023657,0.0023042
596.95,0.0026207,0.0028191,0.0015476
597.15,0.0026029,0.0024445,0.0017024
597.36,0.0018363,0.0015968,0.0015648
597.56,0.0013549,0.0018334,0.0015992
597.76,0.0014441,0.0014588,0.0015992
597.96,0.0018719,0.0021094,0.001496
598.16,0.0022107,0.001794,0.0022698
598.36,0.0016936,0.0025431,0.0026309
598.56,0.0019967,0.0028585,0.0028029
598.76,0.0027633,0.0023065,0.0023214
598.97,0.0039578,0.0019319,0.0020119
599.17,0.0037438,0.0014194,0.0022182
599.37,0.0026742,0.0015968,0.0021151
599.57,0.0019432,0.0020699,0.0020291
599.77,0.0027098,0.0024051,0.0024246
599.97,0.0028525,0.0024642,0.0022526
600.17,0.0030307,0.0025628,0.0023902
600.37,0.0026207,0.0021291,0.0021323
600.57,0.0032982,0.0021685,0.0027513
600.78,0.003209,0.001794,0.0028545
600.98,0.0030842,0.0022277,0.0024934
601.18,0.0026385,0.0031542,0.0021495
601.38,0.0028703,0.0032528,0.002373
601.58,0.0022998,0.0025431,0.0022698
601.78,0.0020502,0.0021094,0.0025278
601.98,0.0016758,0.0018334,0.0020979
602.18,0.0025316,0.0023657,0.0026481
602.38,0.0026564,0.0023459,0.0020463
602.59,0.0031199,0.0024445,0.0023386
602.79,0.0020145,0.0025431,0.0022182
602.99,0.001658,0.0028782,0.0019947
603.19,0.00098053,0.0030753,0.00141
603.39,0.0013906,0.0032922,0.0012897
603.59,0.0011232,0.0020108,0.0022011
603.79,0.0018898,0.0020897,0.0021839
603.99,0.002068,0.0020305,0.0021667
604.19,0.002068,0.0026811,0.0020979
604.39,0.0019254,0.0026219,0.002545
604.6,0.0019611,0.0030753,0.0027169
604.8,0.0026385,0.0036273,0.0023558
605,0.0023176,0.0034696,0.0023386
605.2,0.0025316,0.0028782,0.0020979
605.4,0.0026207,0.0025825,0.0017368
605.6,0.0029238,0.0026614,0.0022698
605.8,0.0025494,0.0023854,0.0021495
606,0.0023176,0.0026416,0.0028029
606.2,0.0019254,0.0024445,0.0022354
606.4,0.0016223,0.0033513,0.0024762
606.6,0.0019432,0.0030753,0.0025794
606.8,0.0019432,0.0038245,0.0029405
607,0.0021572,0.0031148,0.0024762
607.21,0.0012836,0.0030951,0.0018915
607.41,0.0011766,0.0025628,0.0014788
607.61,0.0016758,0.0022671,0.0019431
607.81,0.0025137,0.0020305,0.0023042
608.01,0.0024959,0.0014785,0.0017196
608.21,0.0018541,0.0013997,0.0010145
608.41,0.0021037,0.001242,0.00044709
608.61,0.0026029,0.0019319,0.0015992
608.81,0.003726,0.0020108,0.0022354
609.01,0.0030486,0.0025036,0.0024762
609.21,0.0022107,0.0019714,0.0015648
609.41,0.0014262,0.0020502,0.0019603
609.61,0.0017293,0.00088712,0.0024418
609.81,0.0020502,0.0012814,0.0025794
610.01,0.0019611,0.0011828,0.0019259
610.21,0.0015867,0.0015968,0.002287
610.41,0.0016758,0.0014391,0.0023902
610.62,0.00090922,0.00074912,0.003164
610.82,0.001658,0.0011434,0.0023386
611.02,0.0011588,0.00059141,0.0022526
611.22,0.0014441,0.0012223,0.0020807
611.42,0.0011053,0.00067027,0.0018915
611.62,0.0023533,0.0011631,0.0020463
611.82,0.0035121,0.0016757,0.0016336
612.02,0.0031734,0.0025431,0.0015476
612.22,0.0025137,0.0028979,0.0020291
612.42,0.0016758,0.0025825,0.0019603
612.62,0.0014084,0.0026022,0.0025794
612.82,0.0014441,0.0020305,0.002545
613.02,0.0014797,0.0025234,0.0028373
613.22,0.0019254,0.0025036,0.0028373
613.42,0.0020502,0.0027008,0.0026309
613.62,0.0016402,0.0015771,0.0018227
613.82,0.0015689,0.00059141,0.001754
614.02,0.0021215,0.00061113,0.0013241
614.22,0.0027098,0.00092655,0.0026825
614.42,0.0027277,0.0014982,0.0027341
614.62,0.0019967,0.0017348,0.0031124
614.82,0.0015689,0.0024642,0.0021151
615.02,0.0016936,0.0026219,0.0018399
615.22,0.0021928,0.0031148,0.0020119
615.42,0.0024246,0.0031345,0.0024074
615.62,0.0021393,0.0025234,0.001582
615.82,0.0028346,0.0026614,0.0010145
616.02,0.003316,0.0026416,0.00085979
616.22,0.0034229,0.0025036,0.0016164
616.42,0.0028346,0.0012223,0.0014788
616.62,0.002282,0.00025628,0.0020979
616.82,0.002282,0.00082798,0.0018743
617.02,0.0021215,0.0013405,0.0018743
617.22,0.002585,0.0019517,0.00089418
617.42,0.0023354,0.0021882,0.0014788
617.62,0.0019967,0.0021488,0.0018399
617.82,0.002068,0.0022868,0.0029749
618.02,0.0019789,0.0027796,0.0036627
618.22,0.0021215,0.0027008,0.0039034
618.42,0.0017115,0.0022868,0.0033876
618.62,0.002175,0.001794,0.002545
618.82,0.0026207,0.0023262,0.0023042
619.02,0.0021572,0.0022079,0.002545
619.22,0.0021037,0.0018137,0.0025966
619.42,0.001551,0.0012814,0.0031812
619.62,0.0022107,0.00094626,0.0029405
619.82,0.002692,0.001518,0.0030264
620.02,0.0025672,0.0021685,0.0028889
620.22,0.0024424,0.0032725,0.0020979
620.42,0.0022285,0.0027599,0.0022182
620.62,0.0024602,0.0018925,0.0015476
620.82,0.0021572,0.0010054,0.0024418
621.02,0.0020502,0.0018334,0.002373
621.22,0.0024068,0.0026811,0.0025106
621.42,0.002585,0.0027994,0.0026653
621.62,0.0022998,0.0027205,0.0023558
621.82,0.0019076,0.0026022,0.0022354
622.02,0.0018363,0.0029768,0.0015648
622.22,0.0013014,0.00138,0.0017368
622.42,0.0012836,0.00088712,0.0024074
622.62,0.0016223,0.00029571,0.002373
622.82,0.0027277,0.001794,0.0023386
623.02,0.0024781,0.0019122,0.0020463
623.22,0.0024959,0.0028585,0.0020635
623.42,0.0021215,0.0026811,0.0022526
623.62,0.0023533,0.0025628,0.0014616
623.82,0.0018184,0.0019714,0.0014616
624.02,0.0023176,0.001794,0.001582
624.22,0.0023711,0.0018925,0.0019947
624.42,0.002799,0.0029571,0.0018915
624.62,0.0023711,0.0036668,0.0011349
624.82,0.0021928,0.004337,0.0010833
625.02,0.0022641,0.0031148,0.0014616
625.21,0.0023711,0.0026022,0.0019087
625.41,0.0022998,0.0019122,0.0030264
625.61,0.0020324,0.0023657,0.0030608
625.81,0.0025137,0.0019911,0.0036455
626.01,0.0025672,0.0019122,0.0031468
626.21,0.0028168,0.0016954,0.0030264
626.41,0.0024959,0.0013997,0.0022526
626.61,0.0027633,0.0021685,0.0022354
626.81,0.0032268,0.0023459,0.0022526
627.01,0.0028881,0.0032725,0.0026997
627.21,0.0036547,0.0020108,0.0023042
627.41,0.0034943,0.0024248,0.0025278
627.61,0.0046352,0.0021882,0.0022011
627.81,0.0068459,0.0028191,0.0031812
628.01,0.011053,0.0031936,0.0026825
628.21,0.017186,0.0028782,0.0029921
628.41,0.023426,0.0031345,0.0023558
628.6,0.033962,0.0022868,0.0023214
628.8,0.047743,0.0022474,0.0022354
629,0.065375,0.001656,0.002287
629.2,0.08076,0.0016757,0.0028029
629.4,0.093775,0.0017742,0.0025966
629.6,0.10608,0.0023657,0.0020807
629.8,0.12198,0.0024248,0.0020635
630,0.1407,0.0025036,0.0021323
630.2,0.15999,0.0021094,0.0018571
630.4,0.18102,0.0024839,0.0012381
630.6,0.21019,0.0019517,0.0019259
630.8,0.25128,0.001794,0.002373
630.99,0.29482,0.0012814,0.0031124
631.19,0.33465,0.0012814,0.0030264
631.39,0.37271,0.0011631,0.003078
631.59,0.42199,0.0014588,0.0031124
631.79,0.47367,0.0023065,0.0026825
631.99,0.51646,0.0030753,0.0026481
632.19,0.54362,0.0029373,0.0022182
632.39,0.58917,0.0027599,0.0022354
632.59,0.66626,0.0020502,0.0024762
632.79,0.75991,0.0025234,0.0024074
632.98,0.84106,0.0029176,0.0023214
633.18,0.8908,0.0033711,0.0019431
633.38,0.92605,0.0034302,0.0022526
633.58,0.94532,0.0029965,0.0020291
633.78,0.95384,0.0027994,0.0022526
633.98,0.95033,0.0027796,0.001668
634.18,0.9514,0.0022868,0.0019087
634.38,0.9688,0.0020897,0.0021839
634.58,0.99223,0.0010843,0.0024246
634.78,1,0.0017545,0.0025794
634.97,0.98875,0.0021882,0.0019087
635.17,0.97003,0.0023262,0.0020119
635.37,0.9596,0.0012025,0.0021495
635.57,0.94734,0.00074912,0.0023042
635.77,0.93054,0.0019911,0.0029749
635.97,0.91065,0.0030753,0.002545
636.17,0.89408,0.0025628,0.0024418
636.37,0.88727,0.0023065,0.0014616
636.56,0.86135,0.0023262,0.00065344
636.76,0.82195,0.0024051,0.00067063
636.96,0.77097,0.0019911,0.0020807
637.16,0.73784,0.0018334,0.0037315
637.36,0.70449,0.0023262,0.0040754
637.56,0.65655,0.0018334,0.0033188
637.76,0.5929,0.0018531,0.0027513
637.95,0.53772,0.0017545,0.0031296
638.15,0.49258,0.0029176,0.0023042
638.35,0.44798,0.0028388,0.0022526
638.55,0.3905,0.0031148,0.0017368
638.75,0.33224,0.0016165,0.0026653
638.95,0.28186,0.0016757,0.0023558
639.15,0.24456,0.0014391,0.0025278
639.35,0.21106,0.0024051,0.0025106
639.54,0.18083,0.0032331,0.0029749
639.74,0.14915,0.0028782,0.0029233
639.94,0.12339,0.0029176,0.0026825
640.14,0.10071,0.0018137,0.0020807
640.34,0.085075,0.0022079,0.0017368
640.54,0.071436,0.0029571,0.0018571
640.73,0.059367,0.0034302,0.0019431
640.93,0.047279,0.0031739,0.0019087
641.13,0.036601,0.0021488,0.0019775
641.33,0.027901,0.0019319,0.0021839
641.53,0.022107,0.0029373,0.0022526
641.73,0.018291,0.0035682,0.0021323
641.92,0.014851,0.0032133,0.0023558
642.12,0.011642,0.0023262,0.0029921
642.32,0.010073,0.001518,0.0027341
642.52,0.0085395,0.0018137,0.0021839
642.72,0.0075055,0.0021094,0.0016852
642.92,0.0061328,0.0029768,0.0013585
643.11,0.0049383,0.0035879,0.0012897
643.31,0.0049027,0.0034893,0.00022354
643.51,0.0048492,0.0037259,0.00091137
643.71,0.0050275,0.003923,0.0013929
643.91,0.0042609,0.0040413,0.0025794
644.11,0.0042074,0.0036076,0.0024934
644.3,0.0036904,0.0023854,0.0018743
644.5,0.0037082,0.0021094,0.0019603
644.7,0.0027633,0.0013602,0.0019603
644.9,0.0032268,0.0020108,0.0025622
645.1,0.0030486,0.0023854,0.0023558
645.29,0.0025672,0.0029965,0.0026825
645.49,0.002585,0.0029373,0.0026825
645.69,0.0031734,0.0032528,0.0024762
645.89,0.0033695,0.0022474,0.0018399
646.09,0.0033338,0.0020897,0.0019259
646.29,0.0024959,0.0021094,0.0026653
646.48,0.0023176,0.0029176,0.0032156
646.68,0.001658,0.0027008,0.0023558
646.88,0.0019076,0.0022474,0.0015992
647.08,0.001551,0.0021882,0.0016508
647.28,0.0022463,0.0027402,0.0029061
647.47,0.0026564,0.0027008,0.0026653
647.67,0.0035477,0.0029768,0.001754
647.87,0.0032982,0.0021685,0.0015476
648.07,0.003102,0.0020502,0.002287
648.27,0.0030664,0.0023657,0.002287
648.46,0.0034229,0.0031345,0.0018056
648.66,0.0029238,0.0031148,0.0015992
648.86,0.0021572,0.0021488,0.0020463
649.06,0.0012658,0.0023262,0.0021839
649.25,0.0012479,0.0031345,0.0019775
649.45,0.0019254,0.0033711,0.0015648
649.65,0.0019789,0.0030162,0.0021667
649.85,0.0016936,0.0025825,0.002373
650.05,0.001551,0.0020502,0.0021839
650.24,0.0014975,0.0020502,0.0014444
650.44,0.0022641,0.0024051,0.00089418
650.64,0.0027277,0.0030359,0.0021839
650.84,0.0029773,0.0032922,0.0023902
651.03,0.0024959,0.0030359,0.0028545
651.23,0.0018184,0.0033119,0.0020291
651.43,0.0024424,0.0020108,0.0026997
651.63,0.002282,0.0012814,0.0015304
651.83,0.0021037,0.0011237,0.0015476
652.02,0.0012301,0.0014588,0.00087698
652.22,0.0019254,0.0017151,0.0026309
652.42,0.002799,0.0017742,0.0031124
652.62,0.0026207,0.0022079,0.0029061
652.81,0.0022107,0.0020699,0.002545
653.01,0.0016045,0.0013997,0.0024246
653.21,0.0018363,0.001794,0.002287
653.41,0.0014619,0.0023459,0.0018743
653.6,0.001551,0.0027796,0.0016336
653.8,0.0019967,0.0031739,0.0021495
654,0.0023711,0.0025431,0.0027169
654.2,0.0021215,0.0024642,0.0023902
654.39,0.0018898,0.00086741,0.0014272
654.59,0.0018541,0.0014588,0.0011865
654.79,0.0025137,0.0025431,0.0011005
654.99,0.0024246,0.0031542,0.0014616
655.18,0.002585,0.0034893,0.0012897
655.38,0.0026385,0.0031148,0.0012381
655.58,0.0028525,0.0029373,0.0014444
655.78,0.0031734,0.0020502,0.0020291
655.97,0.0022463,0.00096597,0.0024246
656.17,0.0024068,0.0011828,0.0034048
656.37,0.0022463,0.0019122,0.0029233
656.57,0.0025137,0.0030753,0.0023386
656.76,0.0020502,0.0036273,0.00094576
656.96,0.0019611,0.0029965,0.00141
657.16,0.0014084,0.0027008,0.0020291
657.35,0.0015332,0.0020305,0.0034048
657.55,0.0013727,0.0017545,0.0024418
657.75,0.0023176,0.00098569,0.0023386
657.95,0.0023533,0.0022277,0.00141
658.14,0.003102,0.0030753,0.0016336
658.34,0.0031555,0.0032922,0.0011865
658.54,0.0029951,0.0020897,0.0012725
658.73,0.0022285,0.0022671,0.0014444
658.93,0.0019789,0.0029176,0.0023042
659.13,0.002175,0.0036668,0.0019431
659.33,0.0027277,0.0034105,0.0015992
659.52,0.0028525,0.0032528,0.0014444
659.72,0.0030664,0.0026416,0.0020979
659.92,0.0029773,0.0025036,0.0019431
660.11,0.0033516,0.0023459,0.0019087
660.31,0.0023354,0.0025628,0.0012037
660.51,0.0020145,0.0026219,0.0013069
660.71,0.0015332,0.0033119,0.0010833
660.9,0.0022107,0.0021291,0.0013585
661.1,0.0014084,0.0025628,0.0017368
661.3,0.0013371,0.0027205,0.0013241
661.49,0.0022107,0.0041793,0.0018743
661.69,0.0026385,0.0040019,0.0023042
661.89,0.0026742,0.0034302,0.002373
662.08,0.0019076,0.0023657,0.0020119
662.28,0.0026742,0.0021094,0.0017712
662.48,0.002585,0.0023854,0.0019603
662.68,0.0027811,0.0024839,0.0011865
662.87,0.002585,0.0019319,0.0013585
663.07,0.0034408,0.0014982,0.0015992
663.27,0.0033338,0.0014982,0.0021667
663.46,0.0031555,0.0019714,0.0014272
663.66,0.0025137,0.0016954,0.0012897
663.86,0.0020324,0.0022277,0.0013241
664.05,0.0015154,0.0032528,0.0020463
664.25,0.0014084,0.0031739,0.0026137
664.45,0.0020502,0.003509,0.0032844
664.64,0.0026207,0.0034105,0.0031296
664.84,0.0030664,0.0034893,0.002459
665.04,0.0024602,0.0034105,0.0018743
665.23,0.0019254,0.0022671,0.0021323
665.43,0.0014619,0.0025234,0.0019775
665.63,0.001765,0.0021488,0.0019947
665.82,0.0024246,0.001794,0.0018743
666.02,0.0027633,0.0021094,0.0017884
666.22,0.0032982,0.0027994,0.0022698
666.41,0.0028525,0.0036076,0.0017712
666.61,0.0025494,0.0031542,0.0021667
666.81,0.0014797,0.0022277,0.0019431
667,0.0019789,0.00098569,0.0020807
667.2,0.0015332,0.0015377,0.0018399
667.4,0.0020145,0.0019122,0.0019603
667.59,0.0016402,0.0030753,0.0016164
667.79,0.0022107,0.0024248,0.0018399
667.99,0.0023354,0.0024839,0.0016336
668.18,0.0019611,0.0024839,0.0022698
668.38,0.0011766,0.0026811,0.0029405
668.58,0.00080225,0.0024839,0.0031984
668.77,0.0013193,0.0022079,0.0026309
668.97,0.0019611,0.0022671,0.0022526
669.17,0.0019611,0.0022868,0.0020979
669.36,0.0020324,0.0024839,0.0023558
669.56,0.002175,0.0022474,0.0024762
669.75,0.0029059,0.0024051,0.0020979
669.95,0.0027098,0.0027008,0.0024418
670.15,0.0028881,0.0025234,0.0021667
670.34,0.0026207,0.0024445,0.0023214
670.54,0.0025137,0.0020699,0.0016852
670.74,0.0024959,0.0020699,0.0019259
670.93,0.0029773,0.0020897,0.0018915
671.13,0.0037973,0.0018925,0.0024074
671.33,0.0038152,0.0025431,0.001582
671.52,0.0028703,0.0028388,0.0014788
671.72,0.001765,0.0025234,0.0020119
671.91,0.0018541,0.0019911,0.002545
672.11,0.0018184,0.0012814,0.0029921
672.31,0.0024781,0.00138,0.0026137
672.5,0.0018006,0.00088712,0.0023386
672.7,0.0018006,0.0014391,0.0023902
672.89,0.0016936,0.0010251,0.0029061
673.09,0.0021215,0.0013602,0.0031124
673.29,0.0024246,0.0014588,0.0027513
673.48,0.002585,0.0020305,0.0015132
673.68,0.0028346,0.0024642,0.0023386
673.88,0.0023711,0.0027402,0.0022526
674.07,0.0018363,0.0026219,0.0030436
674.27,0.0012836,0.0022277,0.002287
674.46,0.0010518,0.0020305,0.0031124
674.66,0.0015154,0.0027205,0.0031812
674.86,0.0021572,0.0023854,0.0031984
675.05,0.0026742,0.0019319,0.002287
675.25,0.0024424,0.0013208,0.0025106
675.44,0.0020324,0.0013208,0.0024246
675.64,0.0010162,0.0012223,0.0026309
675.84,0.0011766,0.0017742,0.0017196
676.03,0.0012301,0.0020897,0.0014788
676.23,0.0024602,0.0026416,0.0015132
676.42,0.0023354,0.0024642,0.0022526
676.62,0.0024246,0.0027402,0.0026309
676.82,0.0021572,0.0023854,0.0032156
677.01,0.0023176,0.0024839,0.0022011
677.21,0.0022107,0.0020502,0.0021495
677.4,0.0026385,0.0021488,0.0011177
677.6,0.0023176,0.0014194,0.0012553
677.79,0.0020145,0.0019319,0.0011693
677.99,0.0019076,0.0015968,0.001582
678.19,0.0018541,0.0028585,0.0022526
678.38,0.0023889,0.0025431,0.0019947
678.58,0.002175,0.0031542,0.002373
678.77,0.0024959,0.0019714,0.0021495
678.97,0.0024602,0.0023262,0.0026137
679.16,0.0026564,0.0025234,0.0022526
679.36,0.0024246,0.0036076,0.0021495
679.56,0.0019611,0.0034893,0.0014616
679.75,0.0019076,0.0035682,0.0015132
679.95,0.0021037,0.0031739,0.0015304
680.14,0.0019254,0.0027205,0.0021495
680.34,0.0023533,0.0024248,0.0028717
680.53,0.0024424,0.0019319,0.0029233
680.73,0.0021928,0.0029373,0.0028201
680.93,0.0013906,0.0027205,0.0018056
681.12,0.0016223,0.0031936,0.0019431
681.32,0.0021928,0.0028782,0.001754
681.51,0.0023533,0.0028585,0.0023042
681.71,0.0022463,0.0024445,0.0015476
681.9,0.0031555,0.0025036,0.0020291
682.1,0.0029951,0.0017545,0.0017884
682.29,0.0028881,0.0019122,0.0022182
682.49,0.0014975,0.0013602,0.0023902
682.68,0.0015689,0.0022868,0.0022354
682.88,0.0010697,0.0021291,0.0026309
683.08,0.0012836,0.0029571,0.0023902
683.27,0.0015154,0.0031148,0.0025622
683.47,0.0018719,0.0039625,0.0021667
683.66,0.0019254,0.0029373,0.0018227
683.86,0.0022641,0.0021291,0.0013757
684.05,0.0023176,0.0010448,0.0025106
684.25,0.0025316,0.0014391,0.0025278
684.44,0.002282,0.001794,0.0026309
684.64,0.0018541,0.0019319,0.0014788
684.83,0.0014619,0.0017151,0.0023042
685.03,0.0014619,0.0019319,0.002373
685.22,0.0019967,0.0014391,0.0028373
685.42,0.0019254,0.0015377,0.0028717
685.61,0.0017293,0.0004337,0.0038003
685.81,0.0017828,0.0011631,0.0034907
686.01,0.0026385,0.00086741,0.0025278
686.2,0.0024959,0.00086741,0.0014444
686.4,0.0029773,0.00011828,0.0016508
686.59,0.0022998,0.0011434,0.0025966
686.79,0.0023711,0.0022868,0.0031124
686.98,0.0012658,0.0031739,0.0028717
687.18,0.0012836,0.0031345,0.0022182
687.37,0.002175,0.0019319,0.0021323
687.57,0.002799,0.0016954,0.0029233
687.76,0.0034764,0.001242,0.0033016
687.96,0.0029594,0.0017545,0.0032156
688.15,0.0028346,0.0020108,0.0026309
688.35,0.0027633,0.001518,0.0023214
688.54,0.0024068,0.001794,0.0025106
688.74,0.0020145,0.0015377,0.0019775
688.93,0.0019967,0.0021291,0.0023214
689.13,0.0021572,0.001104,0.0024418
689.32,0.0023889,0.0012025,0.0027169
689.52,0.0023533,0.00138,0.0026653
689.71,0.0026742,0.0034105,0.0028889
689.91,0.0027455,0.0038048,0.0025966
690.1,0.0018006,0.0031345,0.0026481
690.3,0.0017115,0.0021685,0.0013241
690.49,0.0013371,0.0016757,0.0020807
690.69,0.0017293,0.0016757,0.001582
690.88,0.0016223,0.0014194,0.002373
691.08,0.0018719,0.0010251,0.0018743
691.27,0.0019611,0.0017545,0.003078
691.46,0.0019254,0.0027994,0.0027685
691.66,0.0018898,0.0036273,0.0028717
691.85,0.0018898,0.0034893,0.0019603
692.05,0.0027277,0.0026614,0.0021495
692.24,0.0021215,0.0023459,0.0020635
692.44,0.0025137,0.0019911,0.0022354
692.63,0.0012836,0.0026811,0.0028545
692.83,0.0014262,0.0030753,0.0028373
693.02,0.00080225,0.0033513,0.0019603
693.22,0.0012123,0.0026022,0.0013241
693.41,0.0019254,0.0021094,0.0024074
693.61,0.0027455,0.0015574,0.0026653
693.8,0.0023176,0.0021291,0.0025794
694,0.0025137,0.0027008,0.0012897
694.19,0.0024068,0.0033316,0.0010661
694.39,0.002799,0.0029176,0.00141
694.58,0.0028168,0.0023459,0.0020119
694.77,0.0026029,0.0017348,0.0025106
694.97,0.0027098,0.0023459,0.0024762
695.16,0.0024959,0.0026416,0.0011865
695.36,0.0020859,0.0028585,0.0018915
695.55,0.0020324,0.0023459,0.0014788
695.75,0.0021215,0.0025825,0.0025622
695.94,0.0024959,0.0030951,0.0017196
696.14,0.002585,0.0026811,0.0022526
696.33,0.002692,0.0023262,0.0020979
696.52,0.002175,0.0027008,0.0020119
696.72,0.0021928,0.0028782,0.0025622
696.91,0.0013371,0.0037259,0.0023386
697.11,0.0021037,0.0041399,0.0023902
697.3,0.0022107,0.0049482,0.0018743
697.5,0.0029238,0.004889,0.0018399
697.69,0.0026029,0.0041202,0.001582
697.89,0.0025494,0.0036668,0.0016164
698.08,0.0027455,0.0021685,0.0022182
698.27,0.0028703,0.0020897,0.0027341
698.47,0.003102,0.0018925,0.0025278
698.66,0.002799,0.0028782,0.0025278
698.86,0.0028881,0.0028782,0.0025622
699.05,0.0028168,0.0024839,0.0023214
699.24,0.0026564,0.0029768,0.0020807
699.44,0.0021215,0.0021094,0.0018743
699.63,0.0018006,0.0021094,0.0018399
699.83,0.0012301,0.0013602,0.00141
